0  0.787   0
0.1  0.787   -0.098076
0.2  0.777192   -0.196152
0.3  0.757577   -0.293006
0.4  0.728277   -0.387415
0.5  0.689535   -0.478173
0.6  0.641718   -0.564103
0.7  0.585308   -0.644074
0.8  0.5209   -0.717015
0.9  0.449199   -0.781929
1  0.371006   -0.837909
1.1  0.287215   -0.884143
1.2  0.198801   -0.919936
1.3  0.106807   -0.944711
1.4  0.0123359   -0.958021
1.5  -0.0834662   -0.959558
1.6  -0.179422   -0.949157
1.7  -0.274338   -0.926797
1.8  -0.367017   -0.892609
1.9  -0.456278   -0.846871
2  -0.540965   -0.79001
2.1  -0.619966   -0.722595
2.2  -0.692226   -0.645335
2.3  -0.756759   -0.559069
2.4  -0.812666   -0.464762
2.5  -0.859142   -0.363487
2.6  -0.895491   -0.256421
2.7  -0.921133   -0.144825
2.8  -0.935616   -0.0300331
2.9  -0.938619   0.0865634
3  -0.929963   0.203534
3.1  -0.909609   0.319426
3.2  -0.877667   0.432782
3.3  -0.834389   0.542157
3.4  -0.780173   0.646138
3.5  -0.715559   0.743363
3.6  -0.641223   0.832536
3.7  -0.557969   0.912446
3.8  -0.466725   0.98198
3.9  -0.368527   1.04014
4  -0.264512   1.08607
4.1  -0.155905   1.11903
4.2  -0.0440022   1.13846
4.3  0.069844   1.14394
4.4  0.184238   1.13524
4.5  0.297763   1.11228
4.6  0.408991   1.07517
4.7  0.516508   1.02421
4.8  0.618929   0.959838
4.9  0.714912   0.882707
5  0.803183   0.793615
5.1  0.882545   0.693522
5.2  0.951897   0.583539
5.3  1.01025   0.464914
5.4  1.05674   0.339016
5.5  1.09064   0.207325
5.6  1.11138   0.071409
5.7  1.11852   -0.0670908
5.8  1.11181   -0.20648
5.9  1.09116   -0.345034
6  1.05666   -0.481014
6.1  1.00856   -0.612695
6.2  0.947286   -0.738381
6.3  0.873448   -0.856432
6.4  0.787804   -0.965281
6.5  0.691276   -1.06346
6.6  0.584931   -1.1496
6.7  0.46997   -1.2225
6.8  0.34772   -1.28107
6.9  0.219614   -1.3244
7  0.0871737   -1.35177
7.1  -0.048003   -1.36263
7.2  -0.184266   -1.35665
7.3  -0.319931   -1.33369
7.4  -0.4533   -1.29382
7.5  -0.582681   -1.23733
7.6  -0.706414   -1.16471
7.7  -0.822885   -1.07668
7.8  -0.930553   -0.97413
7.9  -1.02797   -0.858165
8  -1.11378   -0.73006
8.1  -1.18679   -0.59126
8.2  -1.24591   -0.443363
8.3  -1.29025   -0.288097
8.4  -1.31906   -0.127306
8.5  -1.33179   0.0370758
8.6  -1.32808   0.203044
8.7  -1.30778   0.368549
8.8  -1.27092   0.531525
8.9  -1.21777   0.689907
9  -1.14878   0.841666
9.1  -1.06461   0.984827
9.2  -0.966131   1.1175
9.3  -0.854381   1.2379
9.4  -0.730591   1.34437
9.5  -0.596154   1.43542
9.6  -0.452612   1.50971
9.7  -0.301641   1.56612
9.8  -0.14503   1.60371
9.9  0.0153409   1.62178
10  0.177519   1.61987
10.1  0.339506   1.59775
10.2  0.49928   1.55544
10.3  0.654824   1.49322
10.4  0.804145   1.41161
10.5  0.945307   1.3114
10.6  1.07645   1.19359
10.7  1.19581   1.05945
10.8  1.30175   0.910427
10.9  1.39279   0.748202
11  1.46761   0.574632
11.1  1.52508   0.391738
11.2  1.56425   0.201683
11.3  1.58442   0.00674605
11.4  1.58509   -0.190704
11.5  1.56602   -0.388239
11.6  1.5272   -0.583397
11.7  1.46886   -0.773716
11.8  1.39149   -0.956766
11.9  1.29581   -1.13017
12  1.18279   -1.29166
12.1  1.05363   -1.43906
12.2  0.909723   -1.57036
12.3  0.752687   -1.68373
12.4  0.584314   -1.77753
12.5  0.406561   -1.85035
12.6  0.221526   -1.90101
12.7  0.0314247   -1.92862
12.8  -0.161437   -1.93254
12.9  -0.354691   -1.91242
13  -0.545933   -1.86822
13.1  -0.732754   -1.80018
13.2  -0.912772   -1.70887
13.3  -1.08366   -1.59512
13.4  -1.24317   -1.46007
13.5  -1.38918   -1.30515
13.6  -1.51969   -1.13203
13.7  -1.63289   -0.942643
13.8  -1.72716   -0.739151
13.9  -1.80107   -0.523913
14  -1.85347   -0.299463
14.1  -1.88341   -0.0684838
14.2  -1.89026   0.166227
14.3  -1.87364   0.401791
14.4  -1.83346   0.635284
14.5  -1.76993   0.86377
14.6  -1.68355   1.08434
14.7  -1.57512   1.29414
14.8  -1.4457   1.49043
14.9  -1.29666   1.6706
15  -1.1296   1.83219
15.1  -0.946383   1.97296
15.2  -0.749087   2.0909
15.3  -0.539997   2.18425
15.4  -0.321572   2.25154
15.5  -0.0964176   2.29162
15.6  0.132744   2.30363
15.7  0.363107   2.28709
15.8  0.591816   2.24184
15.9  0.816001   2.16809
16  1.03281   2.0664
16.1  1.23945   1.93769
16.2  1.43322   1.78323
16.3  1.61154   1.60462
16.4  1.772   1.40379
16.5  1.91238   1.18296
16.6  2.03068   0.944643
16.7  2.12514   0.691579
16.8  2.1943   0.426744
16.9  2.23698   0.15329
17  2.2523   -0.125482
17.1  2.23976   -0.406164
17.2  2.19914   -0.685283
17.3  2.13061   -0.95934
17.4  2.03468   -1.22486
17.5  1.91219   -1.47842
17.6  1.76435   -1.71672
17.7  1.59268   -1.93659
17.8  1.39902   -2.13507
17.9  1.18551   -2.30941
18  0.954571   -2.45715
18.1  0.708856   -2.57611
18.2  0.451244   -2.66445
18.3  0.1848   -2.72068
18.4  -0.0872688   -2.74371
18.5  -0.36164   -2.73284
18.6  -0.634924   -2.68777
18.7  -0.903701   -2.60865
18.8  -1.16457   -2.49603
18.9  -1.41417   -2.3509
19  -1.64926   -2.17466
19.1  -1.86672   -1.96913
19.2  -2.06364   -1.7365
19.3  -2.23729   -1.47933
19.4  -2.38522   -1.20052
19.5  -2.50527   -0.903275
19.6  -2.5956   -0.591067
19.7  -2.65471   -0.267603
19.8  -2.68147   0.0632265
19.9  -2.67515   0.397391
20  -2.63541   0.730768
20.1  -2.56233   1.05919
20.2  -2.45641   1.37851
20.3  -2.31856   1.68463
20.4  -2.1501   1.97357
20.5  -1.95274   2.24151
20.6  -1.72859   2.48486
20.7  -1.4801   2.70028
20.8  -1.21007   2.88473
20.9  -0.921601   3.03553
21  -0.618048   3.15038
21.1  -0.30301   3.2274
21.2  0.0197297   3.26516
21.3  0.346246   3.2627
21.4  0.672516   3.21955
21.5  0.994472   3.13574
21.6  1.30805   3.01181
21.7  1.60923   2.84881
21.8  1.89411   2.64826
21.9  2.15893   2.41222
22  2.40016   2.14317
22.1  2.61447   1.84406
22.2  2.79888   1.51825
22.3  2.9507   1.16945
22.4  3.06765   0.801736
22.5  3.14782   0.419445
22.6  3.18977   0.0271628
22.7  3.19248   -0.370346
22.8  3.15545   -0.768194
22.9  3.07863   -1.16143
23  2.96249   -1.54509
23.1  2.80798   -1.91427
23.2  2.61655   -2.2642
23.3  2.39013   -2.59028
23.4  2.1311   -2.88813
23.5  1.84229   -3.15371
23.6  1.52692   -3.3833
23.7  1.18859   -3.57358
23.8  0.831231   -3.72171
23.9  0.459061   -3.82529
24  0.0765312   -3.8825
24.1  -0.311719   -3.89204
24.2  -0.700923   -3.85319
24.3  -1.08624   -3.76584
24.4  -1.46283   -3.63048
24.5  -1.82587   -3.44818
24.6  -2.17069   -3.22064
24.7  -2.49276   -2.95013
24.8  -2.78777   -2.63948
24.9  -3.05172   -2.29207
25  -3.28092   -1.91176
25.1  -3.4721   -1.50289
25.2  -3.62239   -1.0702
25.3  -3.72941   -0.618778
25.4  -3.79129   -0.154019
25.5  -3.80669   0.318452
25.6  -3.77484   0.792842
25.7  -3.69556   1.26326
25.8  -3.56923   1.7238
25.9  -3.39685   2.1686
26  -3.17999   2.59192
26.1  -2.9208   2.98821
26.2  -2.62198   3.3522
26.3  -2.28676   3.67895
26.4  -1.91887   3.96393
26.5  -1.52247   4.20306
26.6  -1.10217   4.39279
26.7  -0.662888   4.53014
26.8  -0.209874   4.61275
26.9  0.2514   4.6389
27  0.715291   4.60757
27.1  1.17605   4.51843
27.2  1.62789   4.37187
27.3  2.06508   4.16901
27.4  2.48198   3.91166
27.5  2.87314   3.60235
27.6  3.23338   3.2443
27.7  3.55781   2.84136
27.8  3.84195   2.39798
27.9  4.08174   1.9192
28  4.27366   1.41053
28.1  4.41472   0.877947
28.2  4.50251   0.327784
28.3  4.53529   -0.233319
28.4  4.51196   -0.798507
28.5  4.43211   -1.36079
28.6  4.29603   -1.91312
28.7  4.10472   -2.44849
28.8  3.85987   -2.96002
28.9  3.56387   -3.44104
29  3.21976   -3.88516
29.1  2.83125   -4.28641
29.2  2.4026   -4.63924
29.3  1.93868   -4.93865
29.4  1.44482   -5.18025
29.5  0.92679   -5.36031
29.6  0.39076   -5.4758
29.7  -0.156821   -5.5245
29.8  -0.709271   -5.50496
29.9  -1.25977   -5.41657
30  -1.80142   -5.25957
30.1  -2.32738   -5.03508
30.2  -2.83089   -4.74504
30.3  -3.30539   -4.39226
30.4  -3.74462   -3.98034
30.5  -4.14265   -3.51368
30.6  -4.49402   -2.99743
30.7  -4.79376   -2.43738
30.8  -5.0375   -1.83998
30.9  -5.2215   -1.21221
31  -5.34272   -0.561505
31.1  -5.39887   0.104305
31.2  -5.38844   0.777113
31.3  -5.31073   1.44862
31.4  -5.16587   2.11044
31.5  -4.95482   2.75421
31.6  -4.6794   3.37168
31.7  -4.34223   3.95483
31.8  -3.94675   4.49596
31.9  -3.49715   4.98781
32  -2.99837   5.42362
32.1  -2.45601   5.79728
32.2  -1.87628   6.10335
32.3  -1.26595   6.33717
32.4  -0.632232   6.49493
32.5  0.0172616   6.57372
32.6  0.674634   6.57157
32.7  1.33179   6.4875
32.8  1.98054   6.32153
32.9  2.61269   6.07471
33  3.22016   5.74912
33.1  3.79508   5.34782
33.2  4.32986   4.87488
33.3  4.81735   4.33529
33.4  5.25088   3.73495
33.5  5.62437   3.08059
33.6  5.93243   2.37968
33.7  6.1704   1.64038
33.8  6.33444   0.871425
33.9  6.42158   0.0820274
34  6.42978   -0.71823
34.1  6.35796   -1.51951
34.2  6.20601   -2.31184
34.3  5.97482   -3.08523
34.4  5.6663   -3.82982
34.5  5.28332   -4.53595
34.6  4.82972   -5.19436
34.7  4.31029   -5.79624
34.8  3.73066   -6.33339
34.9  3.09733   -6.7983
