0  0.787   0
0.1  0.782165   -0.0966026
0.2  0.767719   -0.192018
0.3  0.74384   -0.285074
0.4  0.710821   -0.374628
0.5  0.669068   -0.459578
0.6  0.619094   -0.538881
0.7  0.561513   -0.611563
0.8  0.497032   -0.67673
0.9  0.426444   -0.733582
1  0.350616   -0.78142
1.1  0.270481   -0.819657
1.2  0.187021   -0.847822
1.3  0.101264   -0.86557
1.4  0.0142621   -0.872682
1.5  -0.0729147   -0.869071
1.6  -0.159196   -0.854781
1.7  -0.243521   -0.829989
1.8  -0.324853   -0.794998
1.9  -0.402194   -0.750239
2  -0.474593   -0.696261
2.1  -0.541161   -0.633728
2.2  -0.601079   -0.563408
2.3  -0.653612   -0.486166
2.4  -0.698113   -0.40295
2.5  -0.734036   -0.314782
2.6  -0.76094   -0.222747
2.7  -0.778494   -0.127975
2.8  -0.786483   -0.0316298
2.9  -0.784807   0.0651036
3  -0.773489   0.161037
3.1  -0.752666   0.254992
3.2  -0.722595   0.345813
3.3  -0.683645   0.432386
3.4  -0.636295   0.513645
3.5  -0.581127   0.588593
3.6  -0.518818   0.656309
3.7  -0.450134   0.715961
3.8  -0.375919   0.766815
3.9  -0.297085   0.808247
4  -0.214601   0.839748
4.1  -0.12948   0.860931
4.2  -0.0427677   0.871535
4.3  0.0444699   0.87143
4.4  0.131161   0.860618
4.5  0.216241   0.839231
4.6  0.298663   0.807532
4.7  0.377416   0.76591
4.8  0.451531   0.714878
4.9  0.520098   0.655061
5  0.582275   0.587196
5.1  0.637297   0.512115
5.2  0.684488   0.430742
5.3  0.723268   0.344076
5.4  0.753162   0.253183
5.5  0.773801   0.159178
5.6  0.784932   0.063218
5.7  0.786419   -0.0335192
5.8  0.778242   -0.129844
5.9  0.760503   -0.224574
6  0.733419   -0.316545
6.1  0.697324   -0.404626
6.2  0.65266   -0.487735
6.3  0.599977   -0.564851
6.4  0.539922   -0.635027
6.5  0.473232   -0.697399
6.6  0.400728   -0.751203
6.7  0.323299   -0.795776
6.8  0.241899   -0.830572
6.9  0.157526   -0.855161
7  0.071217   -0.869243
7.1  -0.0159666   -0.872645
7.2  -0.102954   -0.865324
7.3  -0.188677   -0.84737
7.4  -0.272081   -0.819004
7.5  -0.352142   -0.780575
7.6  -0.427876   -0.732555
7.7  -0.498352   -0.675534
7.8  -0.562705   -0.610212
7.9  -0.620144   -0.537392
8  -0.669963   -0.457969
8.1  -0.71155   -0.372919
8.2  -0.744394   -0.283286
8.3  -0.768092   -0.190173
8.4  -0.782351   -0.0947231
8.5  -0.786997   0.00189074
8.6  -0.781974   0.0984814
8.7  -0.767341   0.193862
8.8  -0.743281   0.28686
8.9  -0.710087   0.376334
9  -0.668168   0.461184
9.1  -0.618039   0.540366
9.2  -0.560316   0.61291
9.3  -0.495709   0.677922
9.4  -0.42501   0.734604
9.5  -0.349089   0.78226
9.6  -0.268879   0.820304
9.7  -0.185365   0.848268
9.8  -0.0995728   0.86581
9.9  -0.0125576   0.872713
10  0.074612   0.868893
10.1  0.160865   0.854396
10.2  0.245141   0.829401
10.3  0.326405   0.794215
10.4  0.403658   0.74927
10.5  0.475952   0.695119
10.6  0.542397   0.632426
10.7  0.602178   0.561962
10.8  0.654559   0.484594
10.9  0.698898   0.401271
11  0.734649   0.313018
11.1  0.761373   0.220918
11.2  0.778742   0.126104
11.3  0.786542   0.0297402
11.4  0.784678   -0.0669889
11.5  0.773172   -0.162895
11.6  0.752165   -0.256799
11.7  0.721917   -0.347548
11.8  0.682798   -0.434027
11.9  0.63529   -0.515172
12  0.579975   -0.589988
12.1  0.517534   -0.657553
12.2  0.448734   -0.71704
12.3  0.37442   -0.767716
12.4  0.295505   -0.808958
12.5  0.21296   -0.840261
12.6  0.127798   -0.861239
12.7  0.0410652   -0.871635
12.8  -0.0461718   -0.87132
12.9  -0.132842   -0.8603
13  -0.217879   -0.838708
13.1  -0.300239   -0.806811
13.2  -0.378911   -0.765001
13.3  -0.452926   -0.71379
13.4  -0.521376   -0.653809
13.5  -0.58342   -0.585795
13.6  -0.638295   -0.510582
13.7  -0.685327   -0.429096
13.8  -0.723938   -0.342338
13.9  -0.753654   -0.251373
14  -0.774109   -0.157319
14.1  -0.785053   -0.061332
14.2  -0.786351   0.0354084
14.3  -0.777986   0.131714
14.4  -0.760062   0.226401
14.5  -0.732799   0.318306
14.6  -0.696531   0.4063
14.7  -0.651705   0.489301
14.8  -0.598872   0.56629
14.9  -0.538679   0.636322
15  -0.471868   0.698534
15.1  -0.399259   0.752163
15.2  -0.321744   0.79655
15.3  -0.240276   0.83115
15.4  -0.155855   0.855537
15.5  -0.069519   0.869412
15.6  0.0176711   0.872603
15.7  0.104644   0.865073
15.8  0.190331   0.846914
15.9  0.273679   0.818348
16  0.353665   0.779727
16.1  0.429305   0.731525
16.2  0.49967   0.674334
16.3  0.563895   0.608858
16.4  0.621192   0.5359
16.5  0.670856   0.456358
16.6  0.712276   0.371208
16.7  0.744945   0.281497
16.8  0.76846   0.188327
16.9  0.782533   0.0928432
17  0.786991   -0.00378147
17.1  0.781778   -0.10036
17.2  0.76696   -0.195705
17.3  0.742718   -0.288645
17.4  0.709349   -0.378039
17.5  0.667265   -0.462787
17.6  0.616982   -0.541849
17.7  0.559117   -0.614254
17.8  0.494383   -0.67911
17.9  0.423574   -0.735622
18  0.34756   -0.783096
18.1  0.267276   -0.820947
18.2  0.183707   -0.848711
18.3  0.0978813   -0.866046
18.4  0.0108529   -0.87274
18.5  -0.0763089   -0.86871
18.6  -0.162533   -0.854007
18.7  -0.24676   -0.828809
18.8  -0.327955   -0.793428
18.9  -0.40512   -0.748298
19  -0.477308   -0.693973
19.1  -0.54363   -0.631121
19.2  -0.603273   -0.560514
19.3  -0.655503   -0.48302
19.4  -0.699679   -0.399591
19.5  -0.735258   -0.311251
19.6  -0.761802   -0.219088
19.7  -0.778985   -0.124232
19.8  -0.786597   -0.0278504
19.9  -0.784544   0.0688738
20  -0.772851   0.164752
20.1  -0.751661   0.258605
20.2  -0.721236   0.349281
20.3  -0.681948   0.435666
20.4  -0.634281   0.516697
20.5  -0.578821   0.591379
20.6  -0.516248   0.658795
20.7  -0.447332   0.718115
20.8  -0.372919   0.768613
20.9  -0.293924   0.809665
21  -0.211318   0.84077
21.1  -0.126115   0.861543
21.2  -0.0393626   0.87173
21.3  0.0478736   0.871206
21.4  0.134521   0.859978
21.5  0.219517   0.838182
21.6  0.301814   0.806087
21.7  0.380403   0.764088
21.8  0.454319   0.7127
21.9  0.522651   0.652555
22  0.584562   0.584391
22.1  0.63929   0.509047
22.2  0.686163   0.427448
22.3  0.724604   0.340597
22.4  0.754142   0.249561
22.5  0.774414   0.155458
22.6  0.78517   0.0594457
22.7  0.786279   -0.0372975
22.8  0.777726   -0.133582
22.9  0.759617   -0.228226
23  0.732174   -0.320065
23.1  0.695735   -0.407972
23.2  0.650747   -0.490865
23.3  0.597764   -0.567727
23.4  0.537435   -0.637613
23.5  0.470502   -0.699665
23.6  0.397789   -0.75312
23.7  0.320187   -0.79732
23.8  0.238651   -0.831724
23.9  0.154183   -0.855908
24  0.0678206   -0.869576
24.1  -0.0193754   -0.872558
24.2  -0.106333   -0.864819
24.3  -0.191985   -0.846454
24.4  -0.275277   -0.817688
24.5  -0.355187   -0.778874
24.6  -0.430732   -0.730491
24.7  -0.500985   -0.673131
24.8  -0.565083   -0.607501
24.9  -0.622237   -0.534406
25  -0.671745   -0.454744
25.1  -0.712999   -0.369495
25.2  -0.745492   -0.279706
25.3  -0.768826   -0.18648
25.4  -0.782712   -0.0909629
25.5  -0.786981   0.00567218
25.6  -0.78158   0.102238
25.7  -0.766575   0.197547
25.8  -0.742151   0.290428
25.9  -0.708609   0.379742
26  -0.666359   0.464389
26.1  -0.615921   0.54333
26.2  -0.557916   0.615595
26.3  -0.493055   0.680296
26.4  -0.422135   0.736638
26.5  -0.346029   0.783928
26.6  -0.265671   0.821586
26.7  -0.182049   0.849149
26.8  -0.0961894   0.866278
26.9  -0.00914821   0.872763
27  0.0780054   0.868524
27.1  0.164201   0.853613
27.2  0.248378   0.828214
27.3  0.329504   0.792637
27.4  0.406581   0.747322
27.5  0.478662   0.692824
27.6  0.544861   0.629812
27.7  0.604366   0.559063
27.8  0.656444   0.481443
27.9  0.700457   0.397908
28  0.735863   0.309484
28.1  0.762227   0.217257
28.2  0.779225   0.122361
28.3  0.786649   0.0259605
28.4  0.784407   -0.0707584
28.5  0.772526   -0.166608
28.6  0.751153   -0.26041
28.7  0.720551   -0.351013
28.8  0.681095   -0.437302
28.9  0.63327   -0.518219
29  0.577663   -0.592767
29.1  0.514959   -0.660033
29.2  0.445928   -0.719188
29.3  0.371417   -0.769506
29.4  0.292342   -0.810369
29.5  0.209675   -0.841275
29.6  0.124432   -0.861843
29.7  0.0376598   -0.871822
29.8  -0.0495751   -0.871088
29.9  -0.136201   -0.859651
30  -0.221153   -0.837652
30.1  -0.303388   -0.805359
30.2  -0.381895   -0.763171
30.3  -0.455709   -0.711606
30.4  -0.523924   -0.651297
30.5  -0.585701   -0.582985
30.6  -0.640282   -0.50751
30.7  -0.686995   -0.425798
30.8  -0.725267   -0.338855
30.9  -0.754627   -0.247748
31  -0.774715   -0.153597
31.1  -0.785284   -0.0575592
31.2  -0.786203   0.0391864
31.3  -0.777462   0.13545
31.4  -0.759169   0.23005
31.5  -0.731547   0.321823
31.6  -0.694936   0.409642
31.7  -0.649786   0.492427
31.8  -0.596653   0.569161
31.9  -0.536187   0.638902
32  -0.469134   0.700793
32.1  -0.396316   0.754073
32.2  -0.318629   0.798087
32.3  -0.237026   0.832295
32.4  -0.152511   0.856276
32.5  -0.0661219   0.869735
32.6  0.0210796   0.872508
32.7  0.108022   0.86456
32.8  0.193637   0.845989
32.9  0.276873   0.817023
33  0.356707   0.778018
33.1  0.432158   0.729453
33.2  0.502299   0.671925
33.3  0.566267   0.606141
33.4  0.623278   0.532909
33.5  0.672631   0.453129
33.6  0.713718   0.367781
33.7  0.746036   0.277914
33.8  0.769187   0.184633
33.9  0.782887   0.0890821
34  0.786967   -0.00756286
34.1  0.781377   -0.104115
34.2  0.766187   -0.199388
34.3  0.741582   -0.29221
34.4  0.707864   -0.381443
34.5  0.665449   -0.465988
34.6  0.614858   -0.544808
34.7  0.556711   -0.616933
34.8  0.491724   -0.681478
34.9  0.420695   -0.737649
35  0.344497   -0.784757
