0  0.787   0
0.1  0.786289   -0.0142069
0.2  0.784166   -0.0281852
0.3  0.780666   -0.0417195
0.4  0.775844   -0.0546196
0.5  0.769769   -0.0667292
0.6  0.762528   -0.0779317
0.7  0.754215   -0.0881514
0.8  0.744932   -0.0973524
0.9  0.734779   -0.105534
1  0.723858   -0.112725
1.1  0.712265   -0.118976
1.2  0.700092   -0.124356
1.3  0.687421   -0.128942
1.4  0.674327   -0.132816
1.5  0.660879   -0.136061
1.6  0.647133   -0.138758
1.7  0.633143   -0.140982
1.8  0.61895   -0.142802
1.9  0.604594   -0.144281
2  0.590104   -0.145475
2.1  0.575507   -0.146431
2.2  0.560824   -0.147191
2.3  0.546074   -0.147792
2.4  0.53127   -0.148262
2.5  0.516425   -0.148629
2.6  0.501547   -0.148912
2.7  0.486645   -0.149128
2.8  0.471723   -0.149292
2.9  0.456788   -0.149416
3  0.441841   -0.149508
3.1  0.426887   -0.149576
3.2  0.411927   -0.149626
3.3  0.396962   -0.149661
3.4  0.381995   -0.149687
3.5  0.367025   -0.149705
3.6  0.352054   -0.149717
3.7  0.337082   -0.149726
3.8  0.322109   -0.149731
3.9  0.307136   -0.149735
4  0.292162   -0.149737
4.1  0.277188   -0.149739
4.2  0.262214   -0.14974
4.3  0.24724   -0.14974
4.4  0.232266   -0.149741
4.5  0.217292   -0.149741
4.6  0.202318   -0.149741
4.7  0.187344   -0.149741
4.8  0.17237   -0.149741
4.9  0.157396   -0.149741
5  0.142421   -0.149741
5.1  0.127447   -0.149741
5.2  0.112473   -0.149741
5.3  0.0974991   -0.149741
5.4  0.082525   -0.149741
5.5  0.0675509   -0.149741
5.6  0.0525767   -0.149741
5.7  0.0376026   -0.149741
5.8  0.0226285   -0.149741
5.9  0.00765441   -0.149741
6  -0.0073197   -0.149741
6.1  -0.0222938   -0.149741
6.2  -0.0372679   -0.149741
6.3  -0.052242   -0.149741
6.4  -0.0672162   -0.149741
6.5  -0.0821903   -0.149741
6.6  -0.0971644   -0.149741
6.7  -0.112138   -0.149741
6.8  -0.127113   -0.149741
6.9  -0.142087   -0.149741
7  -0.157061   -0.149741
7.1  -0.172035   -0.149741
7.2  -0.187009   -0.149741
7.3  -0.201983   -0.149741
7.4  -0.216957   -0.149741
7.5  -0.231931   -0.149741
7.6  -0.246905   -0.14974
7.7  -0.261879   -0.14974
7.8  -0.276853   -0.149739
7.9  -0.291827   -0.149737
8  -0.306801   -0.149735
8.1  -0.321774   -0.149731
8.2  -0.336747   -0.149726
8.3  -0.351719   -0.149717
8.4  -0.36669   -0.149705
8.5  -0.38166   -0.149687
8.6  -0.396628   -0.149662
8.7  -0.411592   -0.149626
8.8  -0.426552   -0.149577
8.9  -0.441507   -0.14951
9  -0.456454   -0.149418
9.1  -0.47139   -0.149295
9.2  -0.486311   -0.149132
9.3  -0.501214   -0.148917
9.4  -0.516093   -0.148636
9.5  -0.530939   -0.148272
9.6  -0.545743   -0.147804
9.7  -0.560495   -0.147206
9.8  -0.575179   -0.14645
9.9  -0.589779   -0.145498
10  -0.604271   -0.144311
10.1  -0.618631   -0.142839
10.2  -0.632828   -0.141027
10.3  -0.646823   -0.138813
10.4  -0.660574   -0.136127
10.5  -0.67403   -0.132895
10.6  -0.687132   -0.129036
10.7  -0.699814   -0.124467
10.8  -0.711999   -0.119106
10.9  -0.723606   -0.112874
11  -0.734543   -0.105705
11.1  -0.744714   -0.0975463
11.2  -0.754018   -0.0883683
11.3  -0.762354   -0.0781711
11.4  -0.76962   -0.0669899
11.5  -0.775721   -0.0548994
11.6  -0.780573   -0.0420154
11.7  -0.784103   -0.0284934
11.8  -0.786257   -0.0145227
11.9  -0.787   -0.000318441
12  -0.78632   0.013891
12.1  -0.784229   0.0278768
12.2  -0.780759   0.0414232
12.3  -0.775965   0.0543393
12.4  -0.769918   0.0664681
12.5  -0.762702   0.0776918
12.6  -0.754412   0.087934
12.7  -0.745149   0.0971579
12.8  -0.735015   0.105362
12.9  -0.72411   0.112574
13  -0.712531   0.118846
13.1  -0.70037   0.124245
13.2  -0.687709   0.128847
13.3  -0.674624   0.132736
13.4  -0.661183   0.135995
13.5  -0.647443   0.138703
13.6  -0.633458   0.140937
13.7  -0.61927   0.142765
13.8  -0.604916   0.144251
13.9  -0.590429   0.145451
14  -0.575834   0.146412
14.1  -0.561153   0.147176
14.2  -0.546404   0.14778
14.3  -0.531602   0.148253
14.4  -0.516757   0.148622
14.5  -0.50188   0.148906
14.6  -0.486978   0.149124
14.7  -0.472057   0.149289
14.8  -0.457122   0.149413
14.9  -0.442175   0.149506
15  -0.427221   0.149575
15.1  -0.412261   0.149625
15.2  -0.397297   0.149661
15.3  -0.382329   0.149686
15.4  -0.36736   0.149704
15.5  -0.352389   0.149717
15.6  -0.337416   0.149725
15.7  -0.322444   0.149731
15.8  -0.30747   0.149735
15.9  -0.292497   0.149737
16  -0.277523   0.149739
16.1  -0.262549   0.14974
16.2  -0.247575   0.14974
16.3  -0.232601   0.149741
16.4  -0.217627   0.149741
16.5  -0.202653   0.149741
16.6  -0.187679   0.149741
16.7  -0.172704   0.149741
16.8  -0.15773   0.149741
16.9  -0.142756   0.149741
17  -0.127782   0.149741
17.1  -0.112808   0.149741
17.2  -0.0978339   0.149741
17.3  -0.0828598   0.149741
17.4  -0.0678857   0.149741
17.5  -0.0529116   0.149741
17.6  -0.0379375   0.149741
17.7  -0.0229634   0.149741
17.8  -0.00798926   0.149741
17.9  0.00698486   0.149741
18  0.021959   0.149741
18.1  0.0369331   0.149741
18.2  0.0519072   0.149741
18.3  0.0668813   0.149741
18.4  0.0818554   0.149741
18.5  0.0968295   0.149741
18.6  0.111804   0.149741
18.7  0.126778   0.149741
18.8  0.141752   0.149741
18.9  0.156726   0.149741
19  0.1717   0.149741
19.1  0.186674   0.149741
19.2  0.201648   0.149741
19.3  0.216622   0.149741
19.4  0.231596   0.149741
19.5  0.246571   0.14974
19.6  0.261545   0.14974
19.7  0.276518   0.149739
19.8  0.291492   0.149737
19.9  0.306466   0.149735
20  0.321439   0.149731
20.1  0.336412   0.149726
20.2  0.351384   0.149718
20.3  0.366356   0.149705
20.4  0.381325   0.149688
20.5  0.396293   0.149663
20.6  0.411257   0.149627
20.7  0.426218   0.149579
20.8  0.441173   0.149512
20.9  0.456119   0.149421
21  0.471056   0.149299
21.1  0.485978   0.149136
21.2  0.500881   0.148922
21.3  0.51576   0.148643
21.4  0.530607   0.148281
21.5  0.545413   0.147815
21.6  0.560166   0.147221
21.7  0.574852   0.146468
21.8  0.589453   0.145522
21.9  0.603948   0.14434
22  0.618312   0.142875
22.1  0.632512   0.141071
22.2  0.646513   0.138867
22.3  0.66027   0.136193
22.4  0.673733   0.132974
22.5  0.686844   0.12913
22.6  0.699535   0.124577
22.7  0.711733   0.119235
22.8  0.723353   0.113024
22.9  0.734306   0.105876
23  0.744495   0.0977399
23.1  0.75382   0.0885848
23.2  0.762178   0.0784101
23.3  0.769469   0.0672503
23.4  0.775598   0.055179
23.5  0.780479   0.0423113
23.6  0.784039   0.0288015
23.7  0.786224   0.0148386
23.8  0.786999   0.000637107
23.9  0.786351   -0.0135747
24  0.784291   -0.027568
24.1  0.780852   -0.0411264
24.2  0.776087   -0.0540585
24.3  0.770066   -0.0662062
24.4  0.762875   -0.0774512
24.5  0.754609   -0.0877159
24.6  0.745366   -0.0969627
24.7  0.73525   -0.105189
24.8  0.724362   -0.112423
24.9  0.712797   -0.118716
25  0.700648   -0.124133
25.1  0.687997   -0.128752
25.2  0.674921   -0.132657
25.3  0.661487   -0.135928
25.4  0.647754   -0.138648
25.5  0.633773   -0.140891
25.6  0.619589   -0.142728
25.7  0.605239   -0.144221
25.8  0.590754   -0.145427
25.9  0.576162   -0.146392
26  0.561482   -0.147161
26.1  0.546735   -0.147768
26.2  0.531933   -0.148244
26.3  0.51709   -0.148614
26.4  0.502213   -0.1489
26.5  0.487312   -0.149119
26.6  0.472391   -0.149286
26.7  0.457456   -0.149411
26.8  0.44251   -0.149504
26.9  0.427556   -0.149573
27  0.412596   -0.149624
27.1  0.397632   -0.14966
27.2  0.382664   -0.149686
27.3  0.367695   -0.149704
27.4  0.352724   -0.149717
27.5  0.337751   -0.149725
27.6  0.322779   -0.149731
27.7  0.307805   -0.149735
27.8  0.292832   -0.149737
27.9  0.277858   -0.149739
28  0.262884   -0.14974
28.1  0.24791   -0.14974
28.2  0.232936   -0.149741
28.3  0.217962   -0.149741
28.4  0.202988   -0.149741
28.5  0.188014   -0.149741
28.6  0.17304   -0.149741
28.7  0.158065   -0.149741
28.8  0.143091   -0.149741
28.9  0.128117   -0.149741
29  0.113143   -0.149741
29.1  0.098169   -0.149741
29.2  0.0831949   -0.149741
29.3  0.0682208   -0.149741
29.4  0.0532467   -0.149741
29.5  0.0382726   -0.149741
29.6  0.0232984   -0.149741
29.7  0.00832434   -0.149741
29.8  -0.00664977   -0.149741
29.9  -0.0216239   -0.149741
30  -0.036598   -0.149741
30.1  -0.0515721   -0.149741
30.2  -0.0665462   -0.149741
30.3  -0.0815203   -0.149741
30.4  -0.0964944   -0.149741
30.5  -0.111469   -0.149741
30.6  -0.126443   -0.149741
30.7  -0.141417   -0.149741
30.8  -0.156391   -0.149741
30.9  -0.171365   -0.149741
31  -0.186339   -0.149741
31.1  -0.201313   -0.149741
31.2  -0.216287   -0.149741
31.3  -0.231261   -0.149741
31.4  -0.246235   -0.14974
31.5  -0.261209   -0.14974
31.6  -0.276183   -0.149739
31.7  -0.291157   -0.149737
31.8  -0.306131   -0.149735
31.9  -0.321104   -0.149732
32  -0.336077   -0.149726
32.1  -0.351049   -0.149718
32.2  -0.36602   -0.149706
32.3  -0.38099   -0.149688
32.4  -0.395958   -0.149663
32.5  -0.410923   -0.149628
32.6  -0.425883   -0.14958
32.7  -0.440838   -0.149513
32.8  -0.455785   -0.149423
32.9  -0.470721   -0.149302
33  -0.485644   -0.14914
33.1  -0.500548   -0.148928
33.2  -0.515427   -0.14865
33.3  -0.530275   -0.14829
33.4  -0.545082   -0.147827
33.5  -0.559836   -0.147236
33.6  -0.574524   -0.146487
33.7  -0.589127   -0.145546
33.8  -0.603625   -0.14437
33.9  -0.617992   -0.142911
34  -0.632196   -0.141116
34.1  -0.646202   -0.138921
34.2  -0.659965   -0.136258
34.3  -0.673435   -0.133052
34.4  -0.686555   -0.129223
34.5  -0.699256   -0.124688
34.6  -0.711466   -0.119363
34.7  -0.7231   -0.113173
34.8  -0.734069   -0.106047
34.9  -0.744276   -0.0979331
35  -0.753622   -0.0888009
