0  0.787   0
0.01  0.787   -0.0098076
0.02  0.786902   -0.0196152
0.03  0.786706   -0.0294216
0.04  0.786412   -0.0392255
0.05  0.786019   -0.0490258
0.06  0.785529   -0.0588211
0.07  0.784941   -0.0686104
0.08  0.784255   -0.0783924
0.09  0.783471   -0.0881657
0.1  0.782589   -0.0979294
0.11  0.78161   -0.107682
0.12  0.780533   -0.117422
0.13  0.779359   -0.127149
0.14  0.778087   -0.136862
0.15  0.776719   -0.146558
0.16  0.775253   -0.156238
0.17  0.773691   -0.165899
0.18  0.772032   -0.175541
0.19  0.770276   -0.185162
0.2  0.768425   -0.194761
0.21  0.766477   -0.204337
0.22  0.764434   -0.213889
0.23  0.762295   -0.223415
0.24  0.760061   -0.232915
0.25  0.757732   -0.242387
0.26  0.755308   -0.25183
0.27  0.752789   -0.261242
0.28  0.750177   -0.270624
0.29  0.747471   -0.279972
0.3  0.744671   -0.289287
0.31  0.741778   -0.298567
0.32  0.738792   -0.307812
0.33  0.735714   -0.317018
0.34  0.732544   -0.326187
0.35  0.729282   -0.335316
0.36  0.725929   -0.344404
0.37  0.722485   -0.353451
0.38  0.718951   -0.362454
0.39  0.715326   -0.371414
0.4  0.711612   -0.380328
0.41  0.707809   -0.389196
0.42  0.703917   -0.398017
0.43  0.699936   -0.406789
0.44  0.695869   -0.415512
0.45  0.691713   -0.424184
0.46  0.687472   -0.432804
0.47  0.683144   -0.441371
0.48  0.67873   -0.449885
0.49  0.674231   -0.458343
0.5  0.669648   -0.466745
0.51  0.66498   -0.47509
0.52  0.660229   -0.483377
0.53  0.655395   -0.491605
0.54  0.650479   -0.499773
0.55  0.645482   -0.507879
0.56  0.640403   -0.515923
0.57  0.635244   -0.523904
0.58  0.630005   -0.53182
0.59  0.624686   -0.539671
0.6  0.61929   -0.547456
0.61  0.613815   -0.555174
0.62  0.608263   -0.562823
0.63  0.602635   -0.570403
0.64  0.596931   -0.577913
0.65  0.591152   -0.585352
0.66  0.585299   -0.592719
0.67  0.579371   -0.600013
0.68  0.573371   -0.607233
0.69  0.567299   -0.614379
0.7  0.561155   -0.621448
0.71  0.554941   -0.628441
0.72  0.548656   -0.635357
0.73  0.542303   -0.642194
0.74  0.535881   -0.648953
0.75  0.529391   -0.655631
0.76  0.522835   -0.662228
0.77  0.516213   -0.668744
0.78  0.509525   -0.675177
0.79  0.502773   -0.681526
0.8  0.495958   -0.687792
0.81  0.48908   -0.693973
0.82  0.48214   -0.700067
0.83  0.47514   -0.706076
0.84  0.468079   -0.711997
0.85  0.460959   -0.71783
0.86  0.453781   -0.723575
0.87  0.446545   -0.72923
0.88  0.439253   -0.734795
0.89  0.431905   -0.740269
0.9  0.424502   -0.745651
0.91  0.417046   -0.750941
0.92  0.409536   -0.756138
0.93  0.401975   -0.761242
0.94  0.394362   -0.766251
0.95  0.3867   -0.771166
0.96  0.378988   -0.775985
0.97  0.371228   -0.780708
0.98  0.363421   -0.785334
0.99  0.355568   -0.789863
1  0.347669   -0.794294
1.01  0.339726   -0.798627
1.02  0.33174   -0.802861
1.03  0.323711   -0.806995
1.04  0.315641   -0.811029
1.05  0.307531   -0.814962
1.06  0.299382   -0.818795
1.07  0.291194   -0.822526
1.08  0.282968   -0.826155
1.09  0.274707   -0.829681
1.1  0.26641   -0.833104
1.11  0.258079   -0.836424
1.12  0.249715   -0.83964
1.13  0.241318   -0.842752
1.14  0.232891   -0.84576
1.15  0.224433   -0.848662
1.16  0.215947   -0.851459
1.17  0.207432   -0.85415
1.18  0.19889   -0.856735
1.19  0.190323   -0.859214
1.2  0.181731   -0.861585
1.21  0.173115   -0.86385
1.22  0.164477   -0.866008
1.23  0.155817   -0.868057
1.24  0.147136   -0.869999
1.25  0.138436   -0.871833
1.26  0.129718   -0.873558
1.27  0.120982   -0.875174
1.28  0.11223   -0.876682
1.29  0.103464   -0.878081
1.3  0.0946827   -0.87937
1.31  0.085889   -0.88055
1.32  0.0770835   -0.88162
1.33  0.0682673   -0.882581
1.34  0.0594415   -0.883432
1.35  0.0506072   -0.884172
1.36  0.0417655   -0.884803
1.37  0.0329175   -0.885324
1.38  0.0240642   -0.885734
1.39  0.0152069   -0.886034
1.4  0.00634654   -0.886223
1.41  -0.00251569   -0.886302
1.42  -0.0113787   -0.886271
1.43  -0.0202414   -0.886129
1.44  -0.0291027   -0.885877
1.45  -0.0379615   -0.885514
1.46  -0.0468166   -0.885041
1.47  -0.055667   -0.884458
1.48  -0.0645116   -0.883764
1.49  -0.0733493   -0.88296
1.5  -0.0821789   -0.882046
1.51  -0.0909993   -0.881022
1.52  -0.0998095   -0.879888
1.53  -0.108608   -0.878644
1.54  -0.117395   -0.877291
1.55  -0.126168   -0.875828
1.56  -0.134926   -0.874255
1.57  -0.143669   -0.872574
1.58  -0.152394   -0.870783
1.59  -0.161102   -0.868884
1.6  -0.169791   -0.866877
1.61  -0.17846   -0.864761
1.62  -0.187107   -0.862537
1.63  -0.195733   -0.860205
1.64  -0.204335   -0.857766
1.65  -0.212912   -0.855219
1.66  -0.221465   -0.852566
1.67  -0.22999   -0.849806
1.68  -0.238488   -0.84694
1.69  -0.246958   -0.843968
1.7  -0.255397   -0.84089
1.71  -0.263806   -0.837708
1.72  -0.272183   -0.83442
1.73  -0.280528   -0.831028
1.74  -0.288838   -0.827532
1.75  -0.297113   -0.823933
1.76  -0.305353   -0.82023
1.77  -0.313555   -0.816425
1.78  -0.321719   -0.812517
1.79  -0.329844   -0.808508
1.8  -0.337929   -0.804397
1.81  -0.345973   -0.800186
1.82  -0.353975   -0.795875
1.83  -0.361934   -0.791463
1.84  -0.369849   -0.786953
1.85  -0.377718   -0.782344
1.86  -0.385542   -0.777637
1.87  -0.393318   -0.772832
1.88  -0.401046   -0.767931
1.89  -0.408726   -0.762933
1.9  -0.416355   -0.757839
1.91  -0.423933   -0.752651
1.92  -0.43146   -0.747368
1.93  -0.438933   -0.741991
1.94  -0.446353   -0.736521
1.95  -0.453719   -0.730958
1.96  -0.461028   -0.725304
1.97  -0.468281   -0.719559
1.98  -0.475477   -0.713723
1.99  -0.482614   -0.707798
2  -0.489692   -0.701783
2.01  -0.49671   -0.695681
2.02  -0.503667   -0.689491
2.03  -0.510561   -0.683214
2.04  -0.517394   -0.676851
2.05  -0.524162   -0.670404
2.06  -0.530866   -0.663871
2.07  -0.537505   -0.657256
2.08  -0.544077   -0.650557
2.09  -0.550583   -0.643777
2.1  -0.557021   -0.636916
2.11  -0.56339   -0.629974
2.12  -0.56969   -0.622953
2.13  -0.575919   -0.615854
2.14  -0.582078   -0.608677
2.15  -0.588165   -0.601423
2.16  -0.594179   -0.594093
2.17  -0.60012   -0.586688
2.18  -0.605987   -0.57921
2.19  -0.611779   -0.571658
2.2  -0.617495   -0.564034
2.21  -0.623136   -0.556339
2.22  -0.628699   -0.548573
2.23  -0.634185   -0.540738
2.24  -0.639592   -0.532835
2.25  -0.64492   -0.524864
2.26  -0.650169   -0.516827
2.27  -0.655337   -0.508725
2.28  -0.660425   -0.500558
2.29  -0.66543   -0.492328
2.3  -0.670353   -0.484035
2.31  -0.675194   -0.475681
2.32  -0.679951   -0.467267
2.33  -0.684623   -0.458794
2.34  -0.689211   -0.450262
2.35  -0.693714   -0.441673
2.36  -0.698131   -0.433028
2.37  -0.702461   -0.424328
2.38  -0.706704   -0.415574
2.39  -0.71086   -0.406767
2.4  -0.714928   -0.397908
2.41  -0.718907   -0.388999
2.42  -0.722797   -0.38004
2.43  -0.726597   -0.371032
2.44  -0.730307   -0.361977
2.45  -0.733927   -0.352876
2.46  -0.737456   -0.34373
2.47  -0.740893   -0.33454
2.48  -0.744239   -0.325307
2.49  -0.747492   -0.316032
2.5  -0.750652   -0.306717
2.51  -0.753719   -0.297362
2.52  -0.756693   -0.287969
2.53  -0.759572   -0.278539
2.54  -0.762358   -0.269074
2.55  -0.765049   -0.259573
2.56  -0.767644   -0.250039
2.57  -0.770145   -0.240473
2.58  -0.772549   -0.230875
2.59  -0.774858   -0.221248
2.6  -0.777071   -0.211591
2.61  -0.779187   -0.201907
2.62  -0.781206   -0.192197
2.63  -0.783128   -0.182462
2.64  -0.784952   -0.172702
2.65  -0.786679   -0.16292
2.66  -0.788308   -0.153117
2.67  -0.78984   -0.143293
2.68  -0.791273   -0.13345
2.69  -0.792607   -0.123589
2.7  -0.793843   -0.113712
2.71  -0.79498   -0.103819
2.72  -0.796018   -0.0939116
2.73  -0.796957   -0.0839917
2.74  -0.797797   -0.07406
2.75  -0.798538   -0.0641178
2.76  -0.799179   -0.0541664
2.77  -0.799721   -0.0442071
2.78  -0.800163   -0.0342409
2.79  -0.800505   -0.0242693
2.8  -0.800748   -0.0142934
2.81  -0.800891   -0.00431447
2.82  -0.800934   0.00566624
2.83  -0.800877   0.0156475
2.84  -0.800721   0.025628
2.85  -0.800465   0.0356066
2.86  -0.800108   0.045582
2.87  -0.799653   0.055553
2.88  -0.799097   0.0655182
2.89  -0.798442   0.0754766
2.9  -0.797687   0.0854268
2.91  -0.796833   0.0953676
2.92  -0.795879   0.105298
2.93  -0.794826   0.115216
2.94  -0.793674   0.125121
2.95  -0.792423   0.135012
2.96  -0.791073   0.144887
2.97  -0.789624   0.154745
2.98  -0.788076   0.164586
2.99  -0.786431   0.174407
3  -0.784687   0.184207
3.01  -0.782844   0.193986
3.02  -0.780905   0.203742
3.03  -0.778867   0.213473
3.04  -0.776732   0.22318
3.05  -0.774501   0.232859
3.06  -0.772172   0.242511
3.07  -0.769747   0.252134
3.08  -0.767226   0.261727
3.09  -0.764608   0.271288
3.1  -0.761895   0.280816
3.11  -0.759087   0.290311
3.12  -0.756184   0.299771
3.13  -0.753186   0.309194
3.14  -0.750095   0.318581
3.15  -0.746909   0.327928
3.16  -0.743629   0.337236
3.17  -0.740257   0.346503
3.18  -0.736792   0.355728
3.19  -0.733235   0.36491
3.2  -0.729586   0.374048
3.21  -0.725845   0.38314
3.22  -0.722014   0.392185
3.23  -0.718092   0.401183
3.24  -0.71408   0.410132
3.25  -0.709979   0.419031
3.26  -0.705788   0.427879
3.27  -0.70151   0.436674
3.28  -0.697143   0.445416
3.29  -0.692689   0.454104
3.3  -0.688148   0.462737
3.31  -0.68352   0.471312
3.32  -0.678807   0.47983
3.33  -0.674009   0.48829
3.34  -0.669126   0.496689
3.35  -0.664159   0.505028
3.36  -0.659109   0.513305
3.37  -0.653976   0.521518
3.38  -0.648761   0.529668
3.39  -0.643464   0.537753
3.4  -0.638086   0.545772
3.41  -0.632629   0.553724
3.42  -0.627091   0.561608
3.43  -0.621475   0.569422
3.44  -0.615781   0.577167
3.45  -0.61001   0.584841
3.46  -0.604161   0.592443
3.47  -0.598237   0.599972
3.48  -0.592237   0.607427
3.49  -0.586163   0.614808
3.5  -0.580015   0.622113
3.51  -0.573793   0.629341
3.52  -0.5675   0.636491
3.53  -0.561135   0.643563
3.54  -0.5547   0.650556
3.55  -0.548194   0.657469
3.56  -0.541619   0.664301
3.57  -0.534976   0.67105
3.58  -0.528266   0.677717
3.59  -0.521489   0.6843
3.6  -0.514646   0.690799
3.61  -0.507738   0.697213
3.62  -0.500765   0.70354
3.63  -0.49373   0.709781
3.64  -0.486632   0.715934
3.65  -0.479473   0.721998
3.66  -0.472253   0.727973
3.67  -0.464973   0.733858
3.68  -0.457635   0.739653
3.69  -0.450238   0.745356
3.7  -0.442785   0.750967
3.71  -0.435275   0.756485
3.72  -0.42771   0.761909
3.73  -0.420091   0.767239
3.74  -0.412419   0.772474
3.75  -0.404694   0.777614
3.76  -0.396918   0.782657
3.77  -0.389091   0.787604
3.78  -0.381215   0.792453
3.79  -0.373291   0.797203
3.8  -0.365318   0.801855
3.81  -0.3573   0.806408
3.82  -0.349236   0.810861
3.83  -0.341127   0.815213
3.84  -0.332975   0.819464
3.85  -0.32478   0.823613
3.86  -0.316544   0.827661
3.87  -0.308268   0.831606
3.88  -0.299952   0.835447
3.89  -0.291597   0.839185
3.9  -0.283205   0.842819
3.91  -0.274777   0.846348
3.92  -0.266314   0.849773
3.93  -0.257816   0.853091
3.94  -0.249285   0.856304
3.95  -0.240722   0.859411
3.96  -0.232128   0.862411
3.97  -0.223504   0.865304
3.98  -0.214851   0.868089
3.99  -0.20617   0.870766
4  -0.197462   0.873336
4.01  -0.188729   0.875796
4.02  -0.179971   0.878148
4.03  -0.171189   0.880391
4.04  -0.162385   0.882525
4.05  -0.15356   0.884548
4.06  -0.144715   0.886462
4.07  -0.13585   0.888265
4.08  -0.126967   0.889958
4.09  -0.118068   0.891541
4.1  -0.109152   0.893012
4.11  -0.100222   0.894372
4.12  -0.0912786   0.895621
4.13  -0.0823224   0.896759
4.14  -0.0733548   0.897785
4.15  -0.064377   0.898699
4.16  -0.05539   0.899501
4.17  -0.046395   0.900191
4.18  -0.0373931   0.900769
4.19  -0.0283854   0.901235
4.2  -0.019373   0.901589
4.21  -0.0103571   0.901831
4.22  -0.00133884   0.90196
4.23  0.00768075   0.901976
4.24  0.0167005   0.901881
4.25  0.0257193   0.901672
4.26  0.034736   0.901352
4.27  0.0437496   0.900919
4.28  0.0527588   0.900374
4.29  0.0617625   0.899716
4.3  0.0707597   0.898947
4.31  0.0797491   0.898065
4.32  0.0887298   0.897071
4.33  0.0977005   0.895965
4.34  0.10666   0.894748
4.35  0.115608   0.893419
4.36  0.124542   0.891978
4.37  0.133462   0.890426
4.38  0.142366   0.888763
4.39  0.151253   0.886988
4.4  0.160123   0.885104
4.41  0.168974   0.883108
4.42  0.177805   0.881002
4.43  0.186615   0.878787
4.44  0.195403   0.876461
4.45  0.204168   0.874026
4.46  0.212908   0.871481
4.47  0.221623   0.868828
4.48  0.230311   0.866066
4.49  0.238972   0.863196
4.5  0.247604   0.860218
4.51  0.256206   0.857132
4.52  0.264777   0.85394
4.53  0.273317   0.85064
4.54  0.281823   0.847234
4.55  0.290296   0.843722
4.56  0.298733   0.840104
4.57  0.307134   0.836381
4.58  0.315498   0.832554
4.59  0.323823   0.828622
4.6  0.332109   0.824587
4.61  0.340355   0.820448
4.62  0.34856   0.816206
4.63  0.356722   0.811863
4.64  0.36484   0.807417
4.65  0.372915   0.80287
4.66  0.380943   0.798223
4.67  0.388926   0.793476
4.68  0.39686   0.788629
4.69  0.404747   0.783683
4.7  0.412583   0.778639
4.71  0.42037   0.773498
4.72  0.428105   0.768259
4.73  0.435787   0.762924
4.74  0.443417   0.757493
4.75  0.450992   0.751968
4.76  0.458511   0.746347
4.77  0.465975   0.740633
4.78  0.473381   0.734826
4.79  0.480729   0.728927
4.8  0.488019   0.722936
4.81  0.495248   0.716854
4.82  0.502417   0.710683
4.83  0.509523   0.704422
4.84  0.516568   0.698072
4.85  0.523548   0.691634
4.86  0.530465   0.68511
4.87  0.537316   0.678499
4.88  0.544101   0.671803
4.89  0.550819   0.665023
4.9  0.557469   0.658158
4.91  0.564051   0.651211
4.92  0.570563   0.644182
4.93  0.577004   0.637072
4.94  0.583375   0.629881
4.95  0.589674   0.622611
4.96  0.5959   0.615262
4.97  0.602053   0.607836
4.98  0.608131   0.600334
4.99  0.614134   0.592755
5  0.620062   0.585102
5.01  0.625913   0.577374
5.02  0.631687   0.569574
5.03  0.637383   0.561702
5.04  0.643   0.553759
5.05  0.648537   0.545746
5.06  0.653995   0.537664
5.07  0.659371   0.529514
5.08  0.664666   0.521297
5.09  0.669879   0.513014
5.1  0.675009   0.504666
5.11  0.680056   0.496254
5.12  0.685019   0.487779
5.13  0.689896   0.479242
5.14  0.694689   0.470645
5.15  0.699395   0.461988
5.16  0.704015   0.453272
5.17  0.708548   0.444498
5.18  0.712993   0.435668
5.19  0.71735   0.426783
5.2  0.721617   0.417843
5.21  0.725796   0.408851
5.22  0.729884   0.399806
5.23  0.733882   0.39071
5.24  0.73779   0.381564
5.25  0.741605   0.37237
5.26  0.745329   0.363128
5.27  0.74896   0.35384
5.28  0.752499   0.344506
5.29  0.755944   0.335129
5.3  0.759295   0.325708
5.31  0.762552   0.316246
5.32  0.765714   0.306743
5.33  0.768782   0.2972
5.34  0.771754   0.28762
5.35  0.77463   0.278002
5.36  0.77741   0.268349
5.37  0.780094   0.258661
5.38  0.78268   0.248939
5.39  0.78517   0.239185
5.4  0.787561   0.229401
5.41  0.789855   0.219586
5.42  0.792051   0.209743
5.43  0.794149   0.199872
5.44  0.796147   0.189976
5.45  0.798047   0.180054
5.46  0.799848   0.170109
5.47  0.801549   0.160141
5.48  0.80315   0.150152
5.49  0.804652   0.140143
5.5  0.806053   0.130116
5.51  0.807354   0.120071
5.52  0.808555   0.110009
5.53  0.809655   0.0999331
5.54  0.810654   0.0898432
5.55  0.811553   0.0797408
5.56  0.81235   0.0696272
5.57  0.813047   0.0595037
5.58  0.813642   0.0493715
5.59  0.814135   0.0392319
5.6  0.814528   0.0290862
5.61  0.814818   0.0189355
5.62  0.815008   0.00878124
5.63  0.815096   -0.00137539
5.64  0.815082   -0.0115331
5.65  0.814967   -0.0216907
5.66  0.81475   -0.0318468
5.67  0.814431   -0.0420002
5.68  0.814011   -0.0521497
5.69  0.81349   -0.0622939
5.7  0.812867   -0.0724316
5.71  0.812142   -0.0825615
5.72  0.811317   -0.0926825
5.73  0.81039   -0.102793
5.74  0.809362   -0.112892
5.75  0.808233   -0.122978
5.76  0.807003   -0.133051
5.77  0.805673   -0.143108
5.78  0.804242   -0.153148
5.79  0.80271   -0.16317
5.8  0.801079   -0.173174
5.81  0.799347   -0.183157
5.82  0.797515   -0.193118
5.83  0.795584   -0.203057
5.84  0.793554   -0.212971
5.85  0.791424   -0.222861
5.86  0.789195   -0.232723
5.87  0.786868   -0.242558
5.88  0.784442   -0.252364
5.89  0.781919   -0.26214
5.9  0.779297   -0.271884
5.91  0.776579   -0.281596
5.92  0.773763   -0.291274
5.93  0.77085   -0.300916
5.94  0.767841   -0.310523
5.95  0.764735   -0.320091
5.96  0.761535   -0.329622
5.97  0.758238   -0.339112
5.98  0.754847   -0.348561
5.99  0.751362   -0.357968
6  0.747782   -0.367331
6.01  0.744109   -0.37665
6.02  0.740342   -0.385923
6.03  0.736483   -0.395149
6.04  0.732531   -0.404328
6.05  0.728488   -0.413456
6.06  0.724354   -0.422535
6.07  0.720128   -0.431562
6.08  0.715813   -0.440536
6.09  0.711407   -0.449456
6.1  0.706913   -0.458322
6.11  0.702329   -0.467131
6.12  0.697658   -0.475884
6.13  0.692899   -0.484578
6.14  0.688053   -0.493213
6.15  0.683121   -0.501788
6.16  0.678103   -0.510301
6.17  0.673   -0.518751
6.18  0.667813   -0.527138
6.19  0.662542   -0.53546
6.2  0.657187   -0.543717
6.21  0.65175   -0.551907
6.22  0.646231   -0.560029
6.23  0.64063   -0.568082
6.24  0.63495   -0.576066
6.25  0.629189   -0.583979
6.26  0.623349   -0.59182
6.27  0.617431   -0.599588
6.28  0.611435   -0.607282
6.29  0.605362   -0.614902
6.3  0.599213   -0.622446
6.31  0.592989   -0.629913
6.32  0.58669   -0.637303
6.33  0.580317   -0.644614
6.34  0.57387   -0.651846
6.35  0.567352   -0.658998
6.36  0.560762   -0.666068
6.37  0.554101   -0.673057
6.38  0.547371   -0.679962
6.39  0.540571   -0.686783
6.4  0.533703   -0.69352
6.41  0.526768   -0.700171
6.42  0.519766   -0.706735
6.43  0.512699   -0.713213
6.44  0.505567   -0.719602
6.45  0.498371   -0.725902
6.46  0.491112   -0.732113
6.47  0.483791   -0.738233
6.48  0.476408   -0.744262
6.49  0.468966   -0.750199
6.5  0.461464   -0.756043
6.51  0.453903   -0.761794
6.52  0.446285   -0.767451
6.53  0.438611   -0.773012
6.54  0.430881   -0.778478
6.55  0.423096   -0.783848
6.56  0.415258   -0.789121
6.57  0.407366   -0.794296
6.58  0.399423   -0.799372
6.59  0.39143   -0.80435
6.6  0.383386   -0.809228
6.61  0.375294   -0.814006
6.62  0.367154   -0.818682
6.63  0.358967   -0.823258
6.64  0.350734   -0.827731
6.65  0.342457   -0.832102
6.66  0.334136   -0.83637
6.67  0.325772   -0.840534
6.68  0.317367   -0.844594
6.69  0.308921   -0.848549
6.7  0.300436   -0.852399
6.71  0.291912   -0.856143
6.72  0.28335   -0.85978
6.73  0.274752   -0.863311
6.74  0.266119   -0.866735
6.75  0.257452   -0.870052
6.76  0.248751   -0.87326
6.77  0.240019   -0.87636
6.78  0.231255   -0.879351
6.79  0.222462   -0.882233
6.8  0.213639   -0.885005
6.81  0.204789   -0.887668
6.82  0.195913   -0.89022
6.83  0.18701   -0.892661
6.84  0.178084   -0.894992
6.85  0.169134   -0.897211
6.86  0.160162   -0.899319
6.87  0.151169   -0.901315
6.88  0.142155   -0.903199
6.89  0.133124   -0.90497
6.9  0.124074   -0.906629
6.91  0.115008   -0.908175
6.92  0.105926   -0.909609
6.93  0.0968297   -0.910929
6.94  0.0877204   -0.912135
6.95  0.078599   -0.913229
6.96  0.0694667   -0.914208
6.97  0.0603247   -0.915074
6.98  0.0511739   -0.915826
6.99  0.0420157   -0.916463
7  0.032851   -0.916987
7.01  0.0236812   -0.917396
7.02  0.0145072   -0.917691
7.03  0.00533029   -0.917872
7.04  -0.00384843   -0.917939
7.05  -0.0130278   -0.917891
7.06  -0.0222067   -0.917728
7.07  -0.031384   -0.917452
7.08  -0.0405585   -0.91706
7.09  -0.0497291   -0.916555
7.1  -0.0588947   -0.915935
7.11  -0.068054   -0.915201
7.12  -0.077206   -0.914353
7.13  -0.0863496   -0.913391
7.14  -0.0954835   -0.912315
7.15  -0.104607   -0.911125
7.16  -0.113718   -0.909822
7.17  -0.122816   -0.908404
7.18  -0.1319   -0.906874
7.19  -0.140969   -0.90523
7.2  -0.150021   -0.903473
7.21  -0.159056   -0.901604
7.22  -0.168072   -0.899622
7.23  -0.177068   -0.897527
7.24  -0.186043   -0.89532
7.25  -0.194997   -0.893002
7.26  -0.203927   -0.890572
7.27  -0.212832   -0.888031
7.28  -0.221713   -0.885378
7.29  -0.230566   -0.882615
7.3  -0.239393   -0.879742
7.31  -0.24819   -0.876759
7.32  -0.256958   -0.873666
7.33  -0.265694   -0.870464
7.34  -0.274399   -0.867152
7.35  -0.28307   -0.863733
7.36  -0.291708   -0.860205
7.37  -0.30031   -0.85657
7.38  -0.308876   -0.852828
7.39  -0.317404   -0.848978
7.4  -0.325894   -0.845023
7.41  -0.334344   -0.840962
7.42  -0.342753   -0.836795
7.43  -0.351121   -0.832524
7.44  -0.359447   -0.828148
7.45  -0.367728   -0.823668
7.46  -0.375965   -0.819086
7.47  -0.384156   -0.814401
7.48  -0.3923   -0.809613
7.49  -0.400396   -0.804724
7.5  -0.408443   -0.799735
7.51  -0.41644   -0.794645
7.52  -0.424387   -0.789455
7.53  -0.432281   -0.784166
7.54  -0.440123   -0.778779
7.55  -0.447911   -0.773294
7.56  -0.455644   -0.767712
7.57  -0.463321   -0.762034
7.58  -0.470941   -0.75626
7.59  -0.478504   -0.750391
7.6  -0.486008   -0.744428
7.61  -0.493452   -0.738372
7.62  -0.500836   -0.732222
7.63  -0.508158   -0.725981
7.64  -0.515418   -0.719648
7.65  -0.522614   -0.713225
7.66  -0.529747   -0.706712
7.67  -0.536814   -0.700111
7.68  -0.543815   -0.693421
7.69  -0.550749   -0.686644
7.7  -0.557615   -0.67978
7.71  -0.564413   -0.672831
7.72  -0.571141   -0.665798
7.73  -0.577799   -0.65868
7.74  -0.584386   -0.651479
7.75  -0.590901   -0.644197
7.76  -0.597343   -0.636833
7.77  -0.603711   -0.629389
7.78  -0.610005   -0.621865
7.79  -0.616224   -0.614264
7.8  -0.622367   -0.606584
7.81  -0.628432   -0.598828
7.82  -0.634421   -0.590997
7.83  -0.640331   -0.583091
7.84  -0.646162   -0.575111
7.85  -0.651913   -0.567058
7.86  -0.657583   -0.558934
7.87  -0.663173   -0.550739
7.88  -0.66868   -0.542475
7.89  -0.674105   -0.534142
7.9  -0.679446   -0.525741
7.91  -0.684704   -0.517274
7.92  -0.689876   -0.508741
7.93  -0.694964   -0.500144
7.94  -0.699965   -0.491483
7.95  -0.70488   -0.48276
7.96  -0.709708   -0.473976
7.97  -0.714447   -0.465132
7.98  -0.719099   -0.456228
7.99  -0.723661   -0.447267
8  -0.728134   -0.438248
8.01  -0.732516   -0.429174
8.02  -0.736808   -0.420046
8.03  -0.741008   -0.410864
8.04  -0.745117   -0.401629
8.05  -0.749133   -0.392344
8.06  -0.753057   -0.383008
8.07  -0.756887   -0.373623
8.08  -0.760623   -0.364191
8.09  -0.764265   -0.354712
8.1  -0.767812   -0.345188
8.11  -0.771264   -0.335619
8.12  -0.77462   -0.326008
8.13  -0.77788   -0.316355
8.14  -0.781044   -0.306661
8.15  -0.78411   -0.296927
8.16  -0.78708   -0.287156
8.17  -0.789951   -0.277347
8.18  -0.792725   -0.267503
8.19  -0.7954   -0.257624
8.2  -0.797976   -0.247711
8.21  -0.800453   -0.237767
8.22  -0.802831   -0.227792
8.23  -0.805109   -0.217787
8.24  -0.807286   -0.207754
8.25  -0.809364   -0.197693
8.26  -0.811341   -0.187607
8.27  -0.813217   -0.177496
8.28  -0.814992   -0.167362
8.29  -0.816666   -0.157205
8.3  -0.818238   -0.147028
8.31  -0.819708   -0.136831
8.32  -0.821076   -0.126616
8.33  -0.822342   -0.116384
8.34  -0.823506   -0.106136
8.35  -0.824568   -0.0958731
8.36  -0.825526   -0.0855973
8.37  -0.826382   -0.0753096
8.38  -0.827135   -0.0650112
8.39  -0.827785   -0.0547035
8.4  -0.828332   -0.0443876
8.41  -0.828776   -0.0340649
8.42  -0.829117   -0.0237367
8.43  -0.829354   -0.0134042
8.44  -0.829488   -0.00306882
8.45  -0.829519   0.00726827
8.46  -0.829446   0.0176057
8.47  -0.82927   0.0279423
8.48  -0.828991   0.0382767
8.49  -0.828608   0.0486076
8.5  -0.828122   0.0589337
8.51  -0.827533   0.0692537
8.52  -0.82684   0.0795665
8.53  -0.826045   0.0898706
8.54  -0.825146   0.100165
8.55  -0.824144   0.110448
8.56  -0.82304   0.120718
8.57  -0.821833   0.130975
8.58  -0.820523   0.141217
8.59  -0.819111   0.151442
8.6  -0.817596   0.16165
8.61  -0.81598   0.171839
8.62  -0.814261   0.182007
8.63  -0.812441   0.192155
8.64  -0.81052   0.202279
8.65  -0.808497   0.21238
8.66  -0.806373   0.222456
8.67  -0.804149   0.232505
8.68  -0.801824   0.242526
8.69  -0.799398   0.252518
8.7  -0.796873   0.26248
8.71  -0.794248   0.272411
8.72  -0.791524   0.282309
8.73  -0.788701   0.292173
8.74  -0.785779   0.302002
8.75  -0.782759   0.311794
8.76  -0.779641   0.321549
8.77  -0.776426   0.331265
8.78  -0.773113   0.34094
8.79  -0.769704   0.350575
8.8  -0.766198   0.360167
8.81  -0.762596   0.369715
8.82  -0.758899   0.379219
8.83  -0.755107   0.388676
8.84  -0.75122   0.398086
8.85  -0.747239   0.407448
8.86  -0.743165   0.41676
8.87  -0.738997   0.426022
8.88  -0.734737   0.435231
8.89  -0.730385   0.444387
8.9  -0.725941   0.453489
8.91  -0.721406   0.462536
8.92  -0.716781   0.471526
8.93  -0.712065   0.480459
8.94  -0.707261   0.489333
8.95  -0.702368   0.498146
8.96  -0.697386   0.506899
8.97  -0.692317   0.51559
8.98  -0.687161   0.524218
8.99  -0.681919   0.532781
9  -0.676591   0.541279
9.01  -0.671178   0.549711
9.02  -0.665681   0.558075
9.03  -0.660101   0.566371
9.04  -0.654437   0.574597
9.05  -0.648691   0.582753
9.06  -0.642863   0.590837
9.07  -0.636955   0.598848
9.08  -0.630966   0.606786
9.09  -0.624899   0.614649
9.1  -0.618752   0.622436
9.11  -0.612528   0.630147
9.12  -0.606226   0.637781
9.13  -0.599848   0.645335
9.14  -0.593395   0.652811
9.15  -0.586867   0.660206
9.16  -0.580265   0.667519
9.17  -0.57359   0.67475
9.18  -0.566842   0.681899
9.19  -0.560023   0.688962
9.2  -0.553134   0.695942
9.21  -0.546174   0.702835
9.22  -0.539146   0.709641
9.23  -0.532049   0.71636
9.24  -0.524886   0.72299
9.25  -0.517656   0.729531
9.26  -0.510361   0.735982
9.27  -0.503001   0.742343
9.28  -0.495577   0.748611
9.29  -0.488091   0.754787
9.3  -0.480543   0.76087
9.31  -0.472935   0.766858
9.32  -0.465266   0.772752
9.33  -0.457539   0.77855
9.34  -0.449753   0.784252
9.35  -0.441911   0.789857
9.36  -0.434012   0.795364
9.37  -0.426058   0.800772
9.38  -0.418051   0.806082
9.39  -0.40999   0.811292
9.4  -0.401877   0.816401
9.41  -0.393713   0.821409
9.42  -0.385499   0.826316
9.43  -0.377236   0.83112
9.44  -0.368925   0.835821
9.45  -0.360566   0.840418
9.46  -0.352162   0.844912
9.47  -0.343713   0.8493
9.48  -0.33522   0.853584
9.49  -0.326684   0.857761
9.5  -0.318107   0.861832
9.51  -0.309488   0.865797
9.52  -0.30083   0.869653
9.53  -0.292134   0.873402
9.54  -0.2834   0.877043
9.55  -0.274629   0.880575
9.56  -0.265824   0.883997
9.57  -0.256984   0.88731
9.58  -0.24811   0.890512
9.59  -0.239205   0.893604
9.6  -0.230269   0.896585
9.61  -0.221303   0.899455
9.62  -0.212309   0.902213
9.63  -0.203287   0.904859
9.64  -0.194238   0.907392
9.65  -0.185164   0.909813
9.66  -0.176066   0.91212
9.67  -0.166945   0.914314
9.68  -0.157802   0.916395
9.69  -0.148638   0.918361
9.7  -0.139454   0.920214
9.71  -0.130252   0.921951
9.72  -0.121033   0.923575
9.73  -0.111797   0.925083
9.74  -0.102546   0.926476
9.75  -0.0932813   0.927754
9.76  -0.0840037   0.928917
9.77  -0.0747146   0.929963
9.78  -0.0654149   0.930894
9.79  -0.056106   0.93171
9.8  -0.0467889   0.932409
9.81  -0.0374648   0.932992
9.82  -0.0281349   0.933459
9.83  -0.0188003   0.933809
9.84  -0.00946219   0.934044
9.85  -0.000121754   0.934162
9.86  0.00921986   0.934163
9.87  0.0185615   0.934048
9.88  0.027902   0.933817
9.89  0.0372401   0.933469
9.9  0.0465748   0.933005
9.91  0.0559049   0.932425
9.92  0.0652291   0.931728
9.93  0.0745464   0.930915
9.94  0.0838556   0.929986
9.95  0.0931554   0.928941
9.96  0.102445   0.92778
9.97  0.111723   0.926504
9.98  0.120988   0.925111
9.99  0.130239   0.923604
10  0.139475   0.921981
10.01  0.148695   0.920242
10.02  0.157897   0.918389
10.03  0.167081   0.916422
10.04  0.176245   0.914339
10.05  0.185389   0.912143
10.06  0.19451   0.909833
10.07  0.203608   0.907409
10.08  0.212682   0.904871
10.09  0.221731   0.902221
10.1  0.230753   0.899458
10.11  0.239748   0.896582
10.12  0.248714   0.893594
10.13  0.25765   0.890495
10.14  0.266555   0.887284
10.15  0.275427   0.883962
10.16  0.284267   0.88053
10.17  0.293072   0.876987
10.18  0.301842   0.873335
10.19  0.310576   0.869574
10.2  0.319271   0.865703
10.21  0.327928   0.861724
10.22  0.336546   0.857638
10.23  0.345122   0.853444
10.24  0.353656   0.849143
10.25  0.362148   0.844736
10.26  0.370595   0.840222
10.27  0.378997   0.835604
10.28  0.387353   0.830881
10.29  0.395662   0.826054
10.3  0.403923   0.821123
10.31  0.412134   0.816089
10.32  0.420295   0.810953
10.33  0.428404   0.805716
10.34  0.436462   0.800377
10.35  0.444465   0.794938
10.36  0.452415   0.789399
10.37  0.460309   0.783761
10.38  0.468146   0.778024
10.39  0.475927   0.77219
10.4  0.483649   0.766259
10.41  0.491311   0.760232
10.42  0.498913   0.754109
10.43  0.506455   0.747892
10.44  0.513933   0.74158
10.45  0.521349   0.735176
10.46  0.528701   0.728679
10.47  0.535988   0.72209
10.48  0.543209   0.715411
10.49  0.550363   0.708641
10.5  0.557449   0.701783
10.51  0.564467   0.694836
10.52  0.571415   0.687801
10.53  0.578293   0.68068
10.54  0.5851   0.673473
10.55  0.591835   0.666182
10.56  0.598497   0.658807
10.57  0.605085   0.651348
10.58  0.611598   0.643807
10.59  0.618036   0.636186
10.6  0.624398   0.628484
10.61  0.630683   0.620703
10.62  0.63689   0.612843
10.63  0.643019   0.604906
10.64  0.649068   0.596893
10.65  0.655037   0.588804
10.66  0.660925   0.580641
10.67  0.666731   0.572405
10.68  0.672455   0.564096
10.69  0.678096   0.555716
10.7  0.683653   0.547265
10.71  0.689126   0.538745
10.72  0.694513   0.530158
10.73  0.699815   0.521503
10.74  0.70503   0.512781
10.75  0.710158   0.503995
10.76  0.715198   0.495145
10.77  0.720149   0.486233
10.78  0.725011   0.477258
10.79  0.729784   0.468223
10.8  0.734466   0.459128
10.81  0.739057   0.449975
10.82  0.743557   0.440765
10.83  0.747965   0.431499
10.84  0.75228   0.422178
10.85  0.756502   0.412803
10.86  0.76063   0.403376
10.87  0.764663   0.393897
10.88  0.768602   0.384367
10.89  0.772446   0.374789
10.9  0.776194   0.365163
10.91  0.779846   0.35549
10.92  0.783401   0.345771
10.93  0.786858   0.336009
10.94  0.790218   0.326203
10.95  0.79348   0.316355
10.96  0.796644   0.306467
10.97  0.799709   0.296539
10.98  0.802674   0.286573
10.99  0.80554   0.27657
11  0.808305   0.266531
11.01  0.810971   0.256458
11.02  0.813535   0.246352
11.03  0.815999   0.236214
11.04  0.818361   0.226045
11.05  0.820621   0.215846
11.06  0.82278   0.20562
11.07  0.824836   0.195366
11.08  0.82679   0.185087
11.09  0.828641   0.174784
11.1  0.830388   0.164457
11.11  0.832033   0.154109
11.12  0.833574   0.14374
11.13  0.835011   0.133352
11.14  0.836345   0.122946
11.15  0.837574   0.112524
11.16  0.8387   0.102086
11.17  0.839721   0.0916338
11.18  0.840637   0.0811692
11.19  0.841449   0.0706932
11.2  0.842155   0.0602071
11.21  0.842758   0.0497121
11.22  0.843255   0.0392097
11.23  0.843647   0.028701
11.24  0.843934   0.0181875
11.25  0.844116   0.00767039
11.26  0.844192   -0.00284899
11.27  0.844164   -0.0133693
11.28  0.84403   -0.0238893
11.29  0.843791   -0.0344076
11.3  0.843447   -0.0449229
11.31  0.842998   -0.055434
11.32  0.842444   -0.0659394
11.33  0.841784   -0.076438
11.34  0.84102   -0.0869283
11.35  0.840151   -0.0974091
11.36  0.839177   -0.107879
11.37  0.838098   -0.118337
11.38  0.836914   -0.128781
11.39  0.835627   -0.139211
11.4  0.834234   -0.149624
11.41  0.832738   -0.160021
11.42  0.831138   -0.170398
11.43  0.829434   -0.180756
11.44  0.827626   -0.191092
11.45  0.825716   -0.201406
11.46  0.823701   -0.211696
11.47  0.821584   -0.221961
11.48  0.819365   -0.2322
11.49  0.817043   -0.242411
11.5  0.814619   -0.252593
11.51  0.812093   -0.262745
11.52  0.809465   -0.272865
11.53  0.806737   -0.282952
11.54  0.803907   -0.293006
11.55  0.800977   -0.303024
11.56  0.797947   -0.313006
11.57  0.794817   -0.32295
11.58  0.791587   -0.332855
11.59  0.788259   -0.34272
11.6  0.784832   -0.352543
11.61  0.781306   -0.362324
11.62  0.777683   -0.37206
11.63  0.773962   -0.381752
11.64  0.770145   -0.391397
11.65  0.766231   -0.400995
11.66  0.762221   -0.410543
11.67  0.758115   -0.420042
11.68  0.753915   -0.42949
11.69  0.74962   -0.438885
11.7  0.745231   -0.448227
11.71  0.740749   -0.457514
11.72  0.736174   -0.466745
11.73  0.731506   -0.475919
11.74  0.726747   -0.485035
11.75  0.721897   -0.494092
11.76  0.716956   -0.503088
11.77  0.711925   -0.512023
11.78  0.706805   -0.520895
11.79  0.701596   -0.529703
11.8  0.696299   -0.538447
11.81  0.690914   -0.547124
11.82  0.685443   -0.555734
11.83  0.679886   -0.564276
11.84  0.674243   -0.572749
11.85  0.668516   -0.581151
11.86  0.662704   -0.589482
11.87  0.656809   -0.597741
11.88  0.650832   -0.605926
11.89  0.644773   -0.614037
11.9  0.638632   -0.622072
11.91  0.632411   -0.630031
11.92  0.626111   -0.637912
11.93  0.619732   -0.645714
11.94  0.613275   -0.653437
11.95  0.606741   -0.66108
11.96  0.60013   -0.668641
11.97  0.593443   -0.67612
11.98  0.586682   -0.683515
11.99  0.579847   -0.690827
12  0.572939   -0.698053
12.01  0.565958   -0.705193
12.02  0.558906   -0.712246
12.03  0.551784   -0.719211
12.04  0.544592   -0.726087
12.05  0.537331   -0.732874
12.06  0.530002   -0.73957
12.07  0.522606   -0.746175
12.08  0.515145   -0.752688
12.09  0.507618   -0.759107
12.1  0.500027   -0.765433
12.11  0.492372   -0.771665
12.12  0.484656   -0.777801
12.13  0.476878   -0.78384
12.14  0.469039   -0.789783
12.15  0.461141   -0.795628
12.16  0.453185   -0.801375
12.17  0.445171   -0.807023
12.18  0.437101   -0.812571
12.19  0.428975   -0.818018
12.2  0.420795   -0.823364
12.21  0.412562   -0.828608
12.22  0.404276   -0.833749
12.23  0.395938   -0.838787
12.24  0.38755   -0.843721
12.25  0.379113   -0.848551
12.26  0.370628   -0.853275
12.27  0.362095   -0.857894
12.28  0.353516   -0.862406
12.29  0.344892   -0.866812
12.3  0.336224   -0.87111
12.31  0.327513   -0.8753
12.32  0.31876   -0.879382
12.33  0.309966   -0.883354
12.34  0.301132   -0.887217
12.35  0.29226   -0.890969
12.36  0.28335   -0.894612
12.37  0.274404   -0.898143
12.38  0.265423   -0.901562
12.39  0.256407   -0.90487
12.4  0.247358   -0.908065
12.41  0.238278   -0.911148
12.42  0.229166   -0.914117
12.43  0.220025   -0.916973
12.44  0.210855   -0.919715
12.45  0.201658   -0.922343
12.46  0.192435   -0.924856
12.47  0.183186   -0.927254
12.48  0.173914   -0.929537
12.49  0.164618   -0.931704
12.5  0.155301   -0.933756
12.51  0.145964   -0.935691
12.52  0.136607   -0.93751
12.53  0.127232   -0.939212
12.54  0.11784   -0.940798
12.55  0.108432   -0.942267
12.56  0.099009   -0.943618
12.57  0.0895728   -0.944852
12.58  0.0801243   -0.945968
12.59  0.0706646   -0.946966
12.6  0.061195   -0.947847
12.61  0.0517165   -0.94861
12.62  0.0422304   -0.949254
12.63  0.0327379   -0.94978
12.64  0.02324   -0.950188
12.65  0.0137382   -0.950478
12.66  0.00423338   -0.950649
12.67  -0.00527311   -0.950702
12.68  -0.0147801   -0.950636
12.69  -0.0242865   -0.950452
12.7  -0.033791   -0.950149
12.71  -0.0432925   -0.949728
12.72  -0.0527898   -0.949189
12.73  -0.0622817   -0.948531
12.74  -0.071767   -0.947755
12.75  -0.0812445   -0.94686
12.76  -0.0907131   -0.945848
12.77  -0.100172   -0.944718
12.78  -0.109619   -0.943469
12.79  -0.119053   -0.942103
12.8  -0.128475   -0.940619
12.81  -0.137881   -0.939018
12.82  -0.147271   -0.9373
12.83  -0.156644   -0.935465
12.84  -0.165999   -0.933513
12.85  -0.175334   -0.931444
12.86  -0.184648   -0.929259
12.87  -0.193941   -0.926958
12.88  -0.20321   -0.924541
12.89  -0.212456   -0.922009
12.9  -0.221676   -0.919361
12.91  -0.230869   -0.916599
12.92  -0.240035   -0.913721
12.93  -0.249173   -0.91073
12.94  -0.25828   -0.907625
12.95  -0.267356   -0.904406
12.96  -0.2764   -0.901074
12.97  -0.285411   -0.89763
12.98  -0.294387   -0.894073
12.99  -0.303328   -0.890404
13  -0.312232   -0.886624
13.01  -0.321098   -0.882733
13.02  -0.329926   -0.878732
13.03  -0.338713   -0.87462
13.04  -0.347459   -0.870399
13.05  -0.356163   -0.866069
13.06  -0.364824   -0.861631
13.07  -0.37344   -0.857084
13.08  -0.382011   -0.85243
13.09  -0.390535   -0.84767
13.1  -0.399012   -0.842803
13.11  -0.40744   -0.837831
13.12  -0.415818   -0.832753
13.13  -0.424146   -0.827571
13.14  -0.432422   -0.822285
13.15  -0.440644   -0.816897
13.16  -0.448813   -0.811405
13.17  -0.456927   -0.805812
13.18  -0.464986   -0.800118
13.19  -0.472987   -0.794323
13.2  -0.48093   -0.788429
13.21  -0.488814   -0.782435
13.22  -0.496639   -0.776344
13.23  -0.504402   -0.770155
13.24  -0.512104   -0.763869
13.25  -0.519742   -0.757487
13.26  -0.527317   -0.75101
13.27  -0.534827   -0.744439
13.28  -0.542272   -0.737774
13.29  -0.549649   -0.731016
13.3  -0.55696   -0.724166
13.31  -0.564201   -0.717225
13.32  -0.571373   -0.710194
13.33  -0.578475   -0.703074
13.34  -0.585506   -0.695865
13.35  -0.592465   -0.688568
13.36  -0.59935   -0.681185
13.37  -0.606162   -0.673716
13.38  -0.612899   -0.666162
13.39  -0.619561   -0.658524
13.4  -0.626146   -0.650803
13.41  -0.632654   -0.643
13.42  -0.639084   -0.635116
13.43  -0.645435   -0.627151
13.44  -0.651707   -0.619108
13.45  -0.657898   -0.610986
13.46  -0.664008   -0.602788
13.47  -0.670036   -0.594513
13.48  -0.675981   -0.586163
13.49  -0.681843   -0.577739
13.5  -0.68762   -0.569242
13.51  -0.693312   -0.560672
13.52  -0.698919   -0.552032
13.53  -0.704439   -0.543322
13.54  -0.709873   -0.534544
13.55  -0.715218   -0.525697
13.56  -0.720475   -0.516784
13.57  -0.725643   -0.507806
13.58  -0.730721   -0.498763
13.59  -0.735709   -0.489656
13.6  -0.740605   -0.480488
13.61  -0.74541   -0.471259
13.62  -0.750123   -0.461969
13.63  -0.754742   -0.452621
13.64  -0.759269   -0.443216
13.65  -0.763701   -0.433754
13.66  -0.768038   -0.424236
13.67  -0.772281   -0.414665
13.68  -0.776427   -0.405041
13.69  -0.780478   -0.395365
13.7  -0.784431   -0.385639
13.71  -0.788288   -0.375863
13.72  -0.792046   -0.36604
13.73  -0.795707   -0.356169
13.74  -0.799268   -0.346253
13.75  -0.802731   -0.336292
13.76  -0.806094   -0.326289
13.77  -0.809357   -0.316243
13.78  -0.812519   -0.306157
13.79  -0.815581   -0.296031
13.8  -0.818541   -0.285868
13.81  -0.8214   -0.275667
13.82  -0.824156   -0.265431
13.83  -0.826811   -0.25516
13.84  -0.829362   -0.244856
13.85  -0.831811   -0.234521
13.86  -0.834156   -0.224155
13.87  -0.836398   -0.21376
13.88  -0.838535   -0.203336
13.89  -0.840569   -0.192887
13.9  -0.842497   -0.182411
13.91  -0.844322   -0.171912
13.92  -0.846041   -0.16139
13.93  -0.847655   -0.150847
13.94  -0.849163   -0.140283
13.95  -0.850566   -0.129701
13.96  -0.851863   -0.119101
13.97  -0.853054   -0.108485
13.98  -0.854139   -0.0978547
13.99  -0.855117   -0.0872104
14  -0.855989   -0.0765539
14.01  -0.856755   -0.0658866
14.02  -0.857414   -0.0552097
14.03  -0.857966   -0.0445246
14.04  -0.858411   -0.0338326
14.05  -0.85875   -0.0231351
14.06  -0.858981   -0.0124334
14.07  -0.859105   -0.00172873
14.08  -0.859122   0.00897744
14.09  -0.859033   0.0196838
14.1  -0.858836   0.0303891
14.11  -0.858532   0.0410919
14.12  -0.858121   0.0517909
14.13  -0.857603   0.0624849
14.14  -0.856978   0.0731723
14.15  -0.856247   0.083852
14.16  -0.855408   0.0945225
14.17  -0.854463   0.105183
14.18  -0.853411   0.115831
14.19  -0.852253   0.126466
14.2  -0.850988   0.137087
14.21  -0.849617   0.147692
14.22  -0.84814   0.15828
14.23  -0.846557   0.168849
14.24  -0.844869   0.179399
14.25  -0.843075   0.189928
14.26  -0.841176   0.200434
14.27  -0.839171   0.210917
14.28  -0.837062   0.221375
14.29  -0.834848   0.231806
14.3  -0.83253   0.24221
14.31  -0.830108   0.252585
14.32  -0.827582   0.26293
14.33  -0.824953   0.273243
14.34  -0.822221   0.283524
14.35  -0.819385   0.29377
14.36  -0.816448   0.303982
14.37  -0.813408   0.314156
14.38  -0.810266   0.324293
14.39  -0.807023   0.33439
14.4  -0.80368   0.344448
14.41  -0.800235   0.354463
14.42  -0.79669   0.364436
14.43  -0.793046   0.374364
14.44  -0.789302   0.384247
14.45  -0.78546   0.394083
14.46  -0.781519   0.403872
14.47  -0.77748   0.413611
14.48  -0.773344   0.4233
14.49  -0.769111   0.432937
14.5  -0.764782   0.442522
14.51  -0.760357   0.452053
14.52  -0.755836   0.461528
14.53  -0.751221   0.470947
14.54  -0.746511   0.480309
14.55  -0.741708   0.489612
14.56  -0.736812   0.498855
14.57  -0.731824   0.508038
14.58  -0.726743   0.517158
14.59  -0.721572   0.526214
14.6  -0.71631   0.535206
14.61  -0.710957   0.544133
14.62  -0.705516   0.552993
14.63  -0.699986   0.561785
14.64  -0.694368   0.570508
14.65  -0.688663   0.579162
14.66  -0.682872   0.587744
14.67  -0.676994   0.596254
14.68  -0.671032   0.60469
14.69  -0.664985   0.613053
14.7  -0.658854   0.62134
14.71  -0.652641   0.629551
14.72  -0.646345   0.637684
14.73  -0.639969   0.645739
14.74  -0.633511   0.653714
14.75  -0.626974   0.661609
14.76  -0.620358   0.669422
14.77  -0.613664   0.677153
14.78  -0.606892   0.6848
14.79  -0.600044   0.692363
14.8  -0.593121   0.699841
14.81  -0.586122   0.707233
14.82  -0.57905   0.714537
14.83  -0.571904   0.721753
14.84  -0.564687   0.72888
14.85  -0.557398   0.735917
14.86  -0.550039   0.742864
14.87  -0.54261   0.749718
14.88  -0.535113   0.75648
14.89  -0.527548   0.763149
14.9  -0.519917   0.769723
14.91  -0.51222   0.776202
14.92  -0.504458   0.782586
14.93  -0.496632   0.788872
14.94  -0.488743   0.795061
14.95  -0.480792   0.801152
14.96  -0.472781   0.807143
14.97  -0.464709   0.813035
14.98  -0.456579   0.818827
14.99  -0.448391   0.824516
15  -0.440146   0.830104
15.01  -0.431845   0.835589
15.02  -0.423489   0.840971
15.03  -0.415079   0.846249
15.04  -0.406616   0.851421
15.05  -0.398102   0.856488
15.06  -0.389537   0.86145
15.07  -0.380923   0.866304
15.08  -0.37226   0.871051
15.09  -0.363549   0.87569
15.1  -0.354792   0.880221
15.11  -0.34599   0.884642
15.12  -0.337144   0.888954
15.13  -0.328254   0.893155
15.14  -0.319323   0.897246
15.15  -0.31035   0.901226
15.16  -0.301338   0.905093
15.17  -0.292287   0.908848
15.18  -0.283199   0.912491
15.19  -0.274074   0.91602
15.2  -0.264913   0.919436
15.21  -0.255719   0.922737
15.22  -0.246492   0.925924
15.23  -0.237233   0.928996
15.24  -0.227943   0.931952
15.25  -0.218623   0.934793
15.26  -0.209275   0.937517
15.27  -0.1999   0.940125
15.28  -0.190499   0.942616
15.29  -0.181073   0.94499
15.3  -0.171623   0.947247
15.31  -0.16215   0.949385
15.32  -0.152656   0.951406
15.33  -0.143142   0.953309
15.34  -0.133609   0.955092
15.35  -0.124058   0.956757
15.36  -0.114491   0.958303
15.37  -0.104908   0.95973
15.38  -0.0953103   0.961038
15.39  -0.0856999   0.962225
15.4  -0.0760777   0.963293
15.41  -0.0664448   0.964241
15.42  -0.0568023   0.965069
15.43  -0.0471516   0.965777
15.44  -0.0374939   0.966365
15.45  -0.0278302   0.966832
15.46  -0.0181619   0.967179
15.47  -0.00849011   0.967405
15.48  0.00118394   0.967511
15.49  0.0108591   0.967496
15.5  0.020534   0.967361
15.51  0.0302076   0.967105
15.52  0.0398787   0.966729
15.53  0.049546   0.966232
15.54  0.0592083   0.965614
15.55  0.0688644   0.964876
15.56  0.0785132   0.964018
15.57  0.0881534   0.96304
15.58  0.0977838   0.961941
15.59  0.107403   0.960723
15.6  0.11701   0.959384
15.61  0.126604   0.957926
15.62  0.136184   0.956348
15.63  0.145747   0.954651
15.64  0.155294   0.952835
15.65  0.164822   0.9509
15.66  0.174331   0.948846
15.67  0.183819   0.946673
15.68  0.193286   0.944382
15.69  0.20273   0.941974
15.7  0.21215   0.939447
15.71  0.221544   0.936803
15.72  0.230912   0.934042
15.73  0.240253   0.931165
15.74  0.249564   0.928171
15.75  0.258846   0.925061
15.76  0.268096   0.921835
15.77  0.277315   0.918494
15.78  0.2865   0.915038
15.79  0.29565   0.911468
15.8  0.304765   0.907783
15.81  0.313843   0.903985
15.82  0.322883   0.900074
15.83  0.331883   0.89605
15.84  0.340844   0.891915
15.85  0.349763   0.887667
15.86  0.35864   0.883308
15.87  0.367473   0.878839
15.88  0.376261   0.874259
15.89  0.385004   0.86957
15.9  0.393699   0.864773
15.91  0.402347   0.859866
15.92  0.410946   0.854852
15.93  0.419494   0.849731
15.94  0.427992   0.844503
15.95  0.436437   0.83917
15.96  0.444828   0.833731
15.97  0.453166   0.828187
15.98  0.461447   0.82254
15.99  0.469673   0.816789
16  0.477841   0.810936
16.01  0.48595   0.804981
16.02  0.494   0.798926
16.03  0.501989   0.792769
16.04  0.509917   0.786513
16.05  0.517782   0.780159
16.06  0.525584   0.773706
16.07  0.533321   0.767156
16.08  0.540992   0.76051
16.09  0.548597   0.753768
16.1  0.556135   0.746932
16.11  0.563604   0.740001
16.12  0.571004   0.732978
16.13  0.578334   0.725862
16.14  0.585593   0.718654
16.15  0.592779   0.711357
16.16  0.599893   0.70397
16.17  0.606933   0.696494
16.18  0.613898   0.68893
16.19  0.620787   0.68128
16.2  0.6276   0.673543
16.21  0.634335   0.665722
16.22  0.640992   0.657817
16.23  0.64757   0.649829
16.24  0.654069   0.641759
16.25  0.660486   0.633608
16.26  0.666822   0.625377
16.27  0.673076   0.617067
16.28  0.679247   0.608679
16.29  0.685334   0.600215
16.3  0.691336   0.591674
16.31  0.697253   0.583059
16.32  0.703083   0.574369
16.33  0.708827   0.565608
16.34  0.714483   0.556774
16.35  0.720051   0.54787
16.36  0.725529   0.538897
16.37  0.730918   0.529855
16.38  0.736217   0.520747
16.39  0.741424   0.511572
16.4  0.74654   0.502332
16.41  0.751563   0.493029
16.42  0.756494   0.483663
16.43  0.76133   0.474236
16.44  0.766073   0.464748
16.45  0.77072   0.455201
16.46  0.775272   0.445596
16.47  0.779728   0.435935
16.48  0.784087   0.426218
16.49  0.78835   0.416447
16.5  0.792514   0.406622
16.51  0.79658   0.396746
16.52  0.800548   0.386819
16.53  0.804416   0.376842
16.54  0.808184   0.366818
16.55  0.811853   0.356746
16.56  0.81542   0.346629
16.57  0.818886   0.336467
16.58  0.822251   0.326262
16.59  0.825514   0.316015
16.6  0.828674   0.305728
16.61  0.831731   0.295401
16.62  0.834685   0.285036
16.63  0.837535   0.274634
16.64  0.840282   0.264197
16.65  0.842924   0.253725
16.66  0.845461   0.24322
16.67  0.847893   0.232684
16.68  0.85022   0.222118
16.69  0.852441   0.211522
16.7  0.854556   0.200899
16.71  0.856565   0.19025
16.72  0.858468   0.179575
16.73  0.860264   0.168877
16.74  0.861952   0.158156
16.75  0.863534   0.147415
16.76  0.865008   0.136653
16.77  0.866375   0.125874
16.78  0.867633   0.115077
16.79  0.868784   0.104264
16.8  0.869827   0.0934376
16.81  0.870761   0.0825978
16.82  0.871587   0.0717464
16.83  0.872305   0.0608847
16.84  0.872913   0.050014
16.85  0.873414   0.0391357
16.86  0.873805   0.0282513
16.87  0.874087   0.0173619
16.88  0.874261   0.00646901
16.89  0.874326   -0.00442604
16.9  0.874282   -0.0153219
16.91  0.874128   -0.0262172
16.92  0.873866   -0.0371106
16.93  0.873495   -0.0480007
16.94  0.873015   -0.0588862
16.95  0.872426   -0.0697657
16.96  0.871728   -0.0806379
16.97  0.870922   -0.0915014
16.98  0.870007   -0.102355
16.99  0.868984   -0.113197
17  0.867852   -0.124026
17.01  0.866611   -0.134841
17.02  0.865263   -0.145641
17.03  0.863807   -0.156424
17.04  0.862242   -0.167189
17.05  0.86057   -0.177934
17.06  0.858791   -0.188658
17.07  0.856904   -0.199361
17.08  0.854911   -0.210039
17.09  0.85281   -0.220693
17.1  0.850604   -0.231321
17.11  0.84829   -0.241921
17.12  0.845871   -0.252493
17.13  0.843346   -0.263034
17.14  0.840716   -0.273544
17.15  0.83798   -0.284021
17.16  0.83514   -0.294464
17.17  0.832196   -0.304871
17.18  0.829147   -0.315242
17.19  0.825994   -0.325575
17.2  0.822739   -0.335868
17.21  0.81938   -0.346121
17.22  0.815919   -0.356332
17.23  0.812355   -0.3665
17.24  0.80869   -0.376624
17.25  0.804924   -0.386702
17.26  0.801057   -0.396733
17.27  0.79709   -0.406716
17.28  0.793023   -0.416649
17.29  0.788856   -0.426532
17.3  0.784591   -0.436362
17.31  0.780227   -0.44614
17.32  0.775766   -0.455863
17.33  0.771207   -0.465531
17.34  0.766552   -0.475142
17.35  0.761801   -0.484694
17.36  0.756954   -0.494188
17.37  0.752012   -0.503621
17.38  0.746975   -0.512993
17.39  0.741846   -0.522301
17.4  0.736623   -0.531546
17.41  0.731307   -0.540726
17.42  0.7259   -0.54984
17.43  0.720401   -0.558886
17.44  0.714813   -0.567863
17.45  0.709134   -0.576771
17.46  0.703366   -0.585609
17.47  0.69751   -0.594374
17.48  0.691566   -0.603066
17.49  0.685536   -0.611685
17.5  0.679419   -0.620228
17.51  0.673217   -0.628695
17.52  0.66693   -0.637084
17.53  0.660559   -0.645396
17.54  0.654105   -0.653628
17.55  0.647569   -0.661779
17.56  0.640951   -0.669849
17.57  0.634252   -0.677837
17.58  0.627474   -0.685741
17.59  0.620617   -0.69356
17.6  0.613681   -0.701294
17.61  0.606668   -0.708942
17.62  0.599579   -0.716502
17.63  0.592414   -0.723974
17.64  0.585174   -0.731357
17.65  0.57786   -0.738649
17.66  0.570474   -0.745851
17.67  0.563015   -0.75296
17.68  0.555486   -0.759976
17.69  0.547886   -0.766899
17.7  0.540217   -0.773726
17.71  0.53248   -0.780459
17.72  0.524675   -0.787094
17.73  0.516804   -0.793633
17.74  0.508868   -0.800073
17.75  0.500867   -0.806415
17.76  0.492803   -0.812657
17.77  0.484676   -0.818798
17.78  0.476488   -0.824838
17.79  0.46824   -0.830776
17.8  0.459932   -0.836611
17.81  0.451566   -0.842343
17.82  0.443143   -0.84797
17.83  0.434663   -0.853493
17.84  0.426128   -0.85891
17.85  0.417539   -0.86422
17.86  0.408897   -0.869423
17.87  0.400202   -0.874519
17.88  0.391457   -0.879506
17.89  0.382662   -0.884385
17.9  0.373818   -0.889153
17.91  0.364927   -0.893812
17.92  0.355989   -0.89836
17.93  0.347005   -0.902796
17.94  0.337977   -0.90712
17.95  0.328906   -0.911332
17.96  0.319793   -0.915431
17.97  0.310638   -0.919416
17.98  0.301444   -0.923288
17.99  0.292211   -0.927044
18  0.282941   -0.930686
18.01  0.273634   -0.934212
18.02  0.264292   -0.937622
18.03  0.254916   -0.940915
18.04  0.245506   -0.944092
18.05  0.236066   -0.947152
18.06  0.226594   -0.950093
18.07  0.217093   -0.952917
18.08  0.207564   -0.955623
18.09  0.198008   -0.958209
18.1  0.188426   -0.960677
18.11  0.178819   -0.963025
18.12  0.169189   -0.965253
18.13  0.159536   -0.967362
18.14  0.149862   -0.96935
18.15  0.140169   -0.971218
18.16  0.130457   -0.972964
18.17  0.120727   -0.97459
18.18  0.110981   -0.976095
18.19  0.10122   -0.977478
18.2  0.0914455   -0.978739
18.21  0.0816581   -0.979879
18.22  0.0718593   -0.980896
18.23  0.0620504   -0.981792
18.24  0.0522324   -0.982565
18.25  0.0424068   -0.983216
18.26  0.0325746   -0.983745
18.27  0.0227372   -0.98415
18.28  0.0128957   -0.984434
18.29  0.00305134   -0.984595
18.3  -0.0067946   -0.984633
18.31  -0.0166409   -0.984548
18.32  -0.0264864   -0.984341
18.33  -0.0363298   -0.98401
18.34  -0.0461699   -0.983558
18.35  -0.0560055   -0.982982
18.36  -0.0658353   -0.982284
18.37  -0.0756582   -0.981464
18.38  -0.0854728   -0.980521
18.39  -0.095278   -0.979456
18.4  -0.105073   -0.978269
18.41  -0.114855   -0.976959
18.42  -0.124625   -0.975528
18.43  -0.13438   -0.973975
18.44  -0.14412   -0.9723
18.45  -0.153843   -0.970504
18.46  -0.163548   -0.968587
18.47  -0.173234   -0.966549
18.48  -0.182899   -0.96439
18.49  -0.192543   -0.962111
18.5  -0.202164   -0.959711
18.51  -0.211761   -0.957192
18.52  -0.221333   -0.954553
18.53  -0.230879   -0.951795
18.54  -0.240397   -0.948917
18.55  -0.249886   -0.945922
18.56  -0.259345   -0.942807
18.57  -0.268773   -0.939575
18.58  -0.278169   -0.936226
18.59  -0.287531   -0.932759
18.6  -0.296859   -0.929176
18.61  -0.306151   -0.925477
18.62  -0.315405   -0.921662
18.63  -0.324622   -0.917731
18.64  -0.333799   -0.913686
18.65  -0.342936   -0.909526
18.66  -0.352031   -0.905252
18.67  -0.361084   -0.900865
18.68  -0.370093   -0.896365
18.69  -0.379056   -0.891753
18.7  -0.387974   -0.887029
18.71  -0.396844   -0.882194
18.72  -0.405666   -0.877249
18.73  -0.414438   -0.872193
18.74  -0.42316   -0.867029
18.75  -0.431831   -0.861755
18.76  -0.440448   -0.856374
18.77  -0.449012   -0.850885
18.78  -0.457521   -0.845289
18.79  -0.465974   -0.839588
18.8  -0.47437   -0.833781
18.81  -0.482707   -0.827869
18.82  -0.490986   -0.821854
18.83  -0.499205   -0.815735
18.84  -0.507362   -0.809514
18.85  -0.515457   -0.803191
18.86  -0.523489   -0.796768
18.87  -0.531457   -0.790244
18.88  -0.539359   -0.783621
18.89  -0.547195   -0.776899
18.9  -0.554964   -0.77008
18.91  -0.562665   -0.763164
18.92  -0.570297   -0.756152
18.93  -0.577858   -0.749045
18.94  -0.585349   -0.741844
18.95  -0.592767   -0.734549
18.96  -0.600113   -0.727162
18.97  -0.607384   -0.719684
18.98  -0.614581   -0.712114
18.99  -0.621702   -0.704455
19  -0.628747   -0.696708
19.01  -0.635714   -0.688872
19.02  -0.642603   -0.68095
19.03  -0.649412   -0.672942
19.04  -0.656142   -0.664849
19.05  -0.66279   -0.656672
19.06  -0.669357   -0.648412
19.07  -0.675841   -0.640071
19.08  -0.682242   -0.631649
19.09  -0.688558   -0.623147
19.1  -0.69479   -0.614566
19.11  -0.700935   -0.605907
19.12  -0.706994   -0.597172
19.13  -0.712966   -0.588362
19.14  -0.71885   -0.579477
19.15  -0.724644   -0.570518
19.16  -0.73035   -0.561488
19.17  -0.735965   -0.552386
19.18  -0.741488   -0.543215
19.19  -0.746921   -0.533974
19.2  -0.75226   -0.524666
19.21  -0.757507   -0.515291
19.22  -0.76266   -0.505851
19.23  -0.767718   -0.496347
19.24  -0.772682   -0.48678
19.25  -0.77755   -0.477151
19.26  -0.782321   -0.467461
19.27  -0.786996   -0.457711
19.28  -0.791573   -0.447904
19.29  -0.796052   -0.438039
19.3  -0.800432   -0.428119
19.31  -0.804713   -0.418144
19.32  -0.808895   -0.408116
19.33  -0.812976   -0.398035
19.34  -0.816956   -0.387904
19.35  -0.820835   -0.377723
19.36  -0.824613   -0.367494
19.37  -0.828288   -0.357217
19.38  -0.83186   -0.346895
19.39  -0.835329   -0.336529
19.4  -0.838694   -0.326119
19.41  -0.841955   -0.315667
19.42  -0.845112   -0.305174
19.43  -0.848164   -0.294643
19.44  -0.85111   -0.284073
19.45  -0.853951   -0.273466
19.46  -0.856685   -0.262824
19.47  -0.859314   -0.252148
19.48  -0.861835   -0.241439
19.49  -0.86425   -0.230699
19.5  -0.866557   -0.219929
19.51  -0.868756   -0.20913
19.52  -0.870847   -0.198304
19.53  -0.87283   -0.187451
19.54  -0.874705   -0.176574
19.55  -0.87647   -0.165673
19.56  -0.878127   -0.154751
19.57  -0.879675   -0.143807
19.58  -0.881113   -0.132845
19.59  -0.882441   -0.121865
19.6  -0.88366   -0.110868
19.61  -0.884768   -0.0998553
19.62  -0.885767   -0.0888294
19.63  -0.886655   -0.0777909
19.64  -0.887433   -0.0667414
19.65  -0.888101   -0.0556822
19.66  -0.888657   -0.0446147
19.67  -0.889104   -0.0335402
19.68  -0.889439   -0.0224602
19.69  -0.889664   -0.011376
19.7  -0.889777   -0.000289042
19.71  -0.88978   0.0107994
19.72  -0.889672   0.0218878
19.73  -0.889453   0.0329749
19.74  -0.889124   0.0440593
19.75  -0.888683   0.0551396
19.76  -0.888132   0.0662143
19.77  -0.88747   0.0772822
19.78  -0.886697   0.0883419
19.79  -0.885813   0.0993919
19.8  -0.884819   0.110431
19.81  -0.883715   0.121458
19.82  -0.8825   0.13247
19.83  -0.881176   0.143468
19.84  -0.879741   0.154449
19.85  -0.878197   0.165413
19.86  -0.876542   0.176357
19.87  -0.874779   0.18728
19.88  -0.872906   0.198182
19.89  -0.870924   0.20906
19.9  -0.868834   0.219913
19.91  -0.866635   0.230741
19.92  -0.864327   0.241541
19.93  -0.861912   0.252312
19.94  -0.859389   0.263053
19.95  -0.856758   0.273763
19.96  -0.85402   0.28444
19.97  -0.851176   0.295083
19.98  -0.848225   0.30569
19.99  -0.845168   0.316261
20  -0.842006   0.326793
20.01  -0.838738   0.337286
20.02  -0.835365   0.347739
20.03  -0.831888   0.358149
20.04  -0.828306   0.368516
20.05  -0.824621   0.378838
20.06  -0.820833   0.389115
20.07  -0.816941   0.399344
20.08  -0.812948   0.409525
20.09  -0.808853   0.419656
20.1  -0.804656   0.429735
20.11  -0.800359   0.439763
20.12  -0.795961   0.449737
20.13  -0.791464   0.459656
20.14  -0.786867   0.46952
20.15  -0.782172   0.479326
20.16  -0.777379   0.489073
20.17  -0.772488   0.498761
20.18  -0.7675   0.508387
20.19  -0.762417   0.517952
20.2  -0.757237   0.527453
20.21  -0.751963   0.53689
20.22  -0.746594   0.546261
20.23  -0.741131   0.555565
20.24  -0.735575   0.564801
20.25  -0.729927   0.573968
20.26  -0.724188   0.583064
20.27  -0.718357   0.592089
20.28  -0.712436   0.601041
20.29  -0.706426   0.609919
20.3  -0.700327   0.618723
20.31  -0.694139   0.62745
20.32  -0.687865   0.636101
20.33  -0.681504   0.644673
20.34  -0.675057   0.653166
20.35  -0.668525   0.661578
20.36  -0.66191   0.66991
20.37  -0.655211   0.678158
20.38  -0.648429   0.686324
20.39  -0.641566   0.694404
20.4  -0.634622   0.7024
20.41  -0.627598   0.710308
20.42  -0.620495   0.718129
20.43  -0.613313   0.725862
20.44  -0.606055   0.733505
20.45  -0.59872   0.741058
20.46  -0.591309   0.748519
20.47  -0.583824   0.755888
20.48  -0.576265   0.763163
20.49  -0.568633   0.770345
20.5  -0.56093   0.777431
20.51  -0.553156   0.784421
20.52  -0.545311   0.791315
20.53  -0.537398   0.798111
20.54  -0.529417   0.804808
20.55  -0.521369   0.811405
20.56  -0.513255   0.817903
20.57  -0.505076   0.824299
20.58  -0.496833   0.830593
20.59  -0.488527   0.836785
20.6  -0.480159   0.842873
20.61  -0.47173   0.848856
20.62  -0.463242   0.854735
20.63  -0.454695   0.860508
20.64  -0.446089   0.866174
20.65  -0.437428   0.871733
20.66  -0.42871   0.877185
20.67  -0.419939   0.882527
20.68  -0.411113   0.887761
20.69  -0.402236   0.892884
20.7  -0.393307   0.897897
20.71  -0.384328   0.902798
20.72  -0.3753   0.907587
20.73  -0.366224   0.912264
20.74  -0.357101   0.916828
20.75  -0.347933   0.921279
20.76  -0.33872   0.925614
20.77  -0.329464   0.929836
20.78  -0.320166   0.933941
20.79  -0.310826   0.937931
20.8  -0.301447   0.941805
20.81  -0.292029   0.945561
20.82  -0.282573   0.949201
20.83  -0.273081   0.952722
20.84  -0.263554   0.956125
20.85  -0.253993   0.95941
20.86  -0.244399   0.962575
20.87  -0.234773   0.965621
20.88  -0.225117   0.968546
20.89  -0.215431   0.971352
20.9  -0.205718   0.974037
20.91  -0.195978   0.9766
20.92  -0.186212   0.979042
20.93  -0.176421   0.981363
20.94  -0.166607   0.983562
20.95  -0.156772   0.985638
20.96  -0.146915   0.987592
20.97  -0.13704   0.989422
20.98  -0.127145   0.99113
20.99  -0.117234   0.992715
21  -0.107307   0.994176
21.01  -0.0973651   0.995513
21.02  -0.08741   0.996726
21.03  -0.0774427   0.997816
21.04  -0.0674646   0.998781
21.05  -0.0574768   0.999621
21.06  -0.0474806   1.00034
21.07  -0.0374772   1.00093
21.08  -0.0274679   1.0014
21.09  -0.0174539   1.00174
21.1  -0.00743654   1.00196
21.11  0.00258302   1.00205
21.12  0.0126035   1.00202
21.13  0.0226237   1.00186
21.14  0.0326423   1.00158
21.15  0.0426581   1.00117
21.16  0.0526698   1.00064
21.17  0.0626762   0.999983
21.18  0.072676   0.999202
21.19  0.082668   0.998296
21.2  0.092651   0.997266
21.21  0.102624   0.996111
21.22  0.112585   0.994832
21.23  0.122533   0.993429
21.24  0.132467   0.991902
21.25  0.142386   0.990252
21.26  0.152289   0.988477
21.27  0.162174   0.986579
21.28  0.172039   0.984558
21.29  0.181885   0.982414
21.3  0.191709   0.980148
21.31  0.201511   0.977759
21.32  0.211288   0.975247
21.33  0.221041   0.972614
21.34  0.230767   0.96986
21.35  0.240465   0.966984
21.36  0.250135   0.963987
21.37  0.259775   0.96087
21.38  0.269384   0.957633
21.39  0.27896   0.954276
21.4  0.288503   0.950799
21.41  0.298011   0.947204
21.42  0.307483   0.94349
21.43  0.316918   0.939658
21.44  0.326314   0.935709
21.45  0.335672   0.931642
21.46  0.344988   0.927459
21.47  0.354263   0.92316
21.48  0.363494   0.918745
21.49  0.372682   0.914215
21.5  0.381824   0.909571
21.51  0.39092   0.904813
21.52  0.399968   0.899941
21.53  0.408967   0.894957
21.54  0.417917   0.88986
21.55  0.426815   0.884652
21.56  0.435662   0.879333
21.57  0.444455   0.873904
21.58  0.453194   0.868365
21.59  0.461878   0.862717
21.6  0.470505   0.856961
21.61  0.479075   0.851098
21.62  0.487586   0.845128
21.63  0.496037   0.839051
21.64  0.504427   0.83287
21.65  0.512756   0.826584
21.66  0.521022   0.820194
21.67  0.529224   0.813701
21.68  0.537361   0.807105
21.69  0.545432   0.800409
21.7  0.553436   0.793612
21.71  0.561372   0.786715
21.72  0.569239   0.779719
21.73  0.577036   0.772625
21.74  0.584763   0.765434
21.75  0.592417   0.758147
21.76  0.599998   0.750764
21.77  0.607506   0.743287
21.78  0.614939   0.735716
21.79  0.622296   0.728053
21.8  0.629577   0.720298
21.81  0.63678   0.712452
21.82  0.643904   0.704516
21.83  0.650949   0.696492
21.84  0.657914   0.68838
21.85  0.664798   0.680181
21.86  0.6716   0.671896
21.87  0.678319   0.663527
21.88  0.684954   0.655073
21.89  0.691505   0.646538
21.9  0.69797   0.63792
21.91  0.704349   0.629222
21.92  0.710642   0.620444
21.93  0.716846   0.611588
21.94  0.722962   0.602655
21.95  0.728988   0.593645
21.96  0.734925   0.584561
21.97  0.740771   0.575402
21.98  0.746525   0.566171
21.99  0.752186   0.556867
22  0.757755   0.547494
22.01  0.76323   0.538051
22.02  0.76861   0.528539
22.03  0.773896   0.518961
22.04  0.779085   0.509316
22.05  0.784179   0.499607
22.06  0.789175   0.489835
22.07  0.794073   0.48
22.08  0.798873   0.470105
22.09  0.803574   0.460149
22.1  0.808175   0.450135
22.11  0.812677   0.440063
22.12  0.817077   0.429936
22.13  0.821377   0.419753
22.14  0.825574   0.409517
22.15  0.82967   0.399229
22.16  0.833662   0.38889
22.17  0.837551   0.378501
22.18  0.841336   0.368063
22.19  0.845016   0.357578
22.2  0.848592   0.347048
22.21  0.852063   0.336473
22.22  0.855427   0.325854
22.23  0.858686   0.315194
22.24  0.861838   0.304493
22.25  0.864883   0.293753
22.26  0.86782   0.282975
22.27  0.87065   0.27216
22.28  0.873372   0.26131
22.29  0.875985   0.250426
22.3  0.878489   0.239509
22.31  0.880884   0.228561
22.32  0.88317   0.217584
22.33  0.885346   0.206578
22.34  0.887411   0.195545
22.35  0.889367   0.184486
22.36  0.891212   0.173402
22.37  0.892946   0.162296
22.38  0.894569   0.151168
22.39  0.89608   0.14002
22.4  0.89748   0.128853
22.41  0.898769   0.117669
22.42  0.899946   0.106468
22.43  0.90101   0.0952531
22.44  0.901963   0.0840248
22.45  0.902803   0.0727845
22.46  0.903531   0.0615337
22.47  0.904146   0.0502739
22.48  0.904649   0.0390065
22.49  0.905039   0.0277327
22.5  0.905316   0.0164541
22.51  0.905481   0.00517206
22.52  0.905533   -0.00611205
22.53  0.905472   -0.0173968
22.54  0.905298   -0.0286808
22.55  0.905011   -0.0399626
22.56  0.904611   -0.0512409
22.57  0.904099   -0.0625141
22.58  0.903474   -0.073781
22.59  0.902736   -0.0850401
22.6  0.901885   -0.09629
22.61  0.900923   -0.107529
22.62  0.899847   -0.118757
22.63  0.89866   -0.129971
22.64  0.89736   -0.14117
22.65  0.895948   -0.152353
22.66  0.894425   -0.163518
22.67  0.89279   -0.174664
22.68  0.891043   -0.18579
22.69  0.889185   -0.196894
22.7  0.887216   -0.207975
22.71  0.885136   -0.219032
22.72  0.882946   -0.230062
22.73  0.880645   -0.241066
22.74  0.878235   -0.25204
22.75  0.875714   -0.262985
22.76  0.873084   -0.273898
22.77  0.870346   -0.284778
22.78  0.867498   -0.295625
22.79  0.864541   -0.306435
22.8  0.861477   -0.317209
22.81  0.858305   -0.327945
22.82  0.855026   -0.338641
22.83  0.851639   -0.349297
22.84  0.848146   -0.35991
22.85  0.844547   -0.370479
22.86  0.840842   -0.381004
22.87  0.837032   -0.391483
22.88  0.833117   -0.401914
22.89  0.829098   -0.412296
22.9  0.824975   -0.422628
22.91  0.820749   -0.432909
22.92  0.81642   -0.443137
22.93  0.811989   -0.453312
22.94  0.807455   -0.463431
22.95  0.802821   -0.473493
22.96  0.798086   -0.483498
22.97  0.793251   -0.493444
22.98  0.788317   -0.503329
22.99  0.783284   -0.513153
23  0.778152   -0.522914
23.01  0.772923   -0.532612
23.02  0.767597   -0.542244
23.03  0.762174   -0.55181
23.04  0.756656   -0.561308
23.05  0.751043   -0.570737
23.06  0.745336   -0.580097
23.07  0.739535   -0.589385
23.08  0.733641   -0.598601
23.09  0.727655   -0.607744
23.1  0.721577   -0.616812
23.11  0.715409   -0.625804
23.12  0.709151   -0.63472
23.13  0.702804   -0.643557
23.14  0.696369   -0.652316
23.15  0.689845   -0.660994
23.16  0.683235   -0.669591
23.17  0.67654   -0.678105
23.18  0.669758   -0.686536
23.19  0.662893   -0.694883
23.2  0.655944   -0.703144
23.21  0.648913   -0.711318
23.22  0.6418   -0.719405
23.23  0.634606   -0.727403
23.24  0.627332   -0.735311
23.25  0.619979   -0.743129
23.26  0.612547   -0.750855
23.27  0.605039   -0.758489
23.28  0.597454   -0.766029
23.29  0.589793   -0.773474
23.3  0.582059   -0.780824
23.31  0.57425   -0.788078
23.32  0.56637   -0.795234
23.33  0.558417   -0.802292
23.34  0.550394   -0.809251
23.35  0.542302   -0.81611
23.36  0.534141   -0.822869
23.37  0.525912   -0.829525
23.38  0.517617   -0.836079
23.39  0.509256   -0.84253
23.4  0.500831   -0.848876
23.41  0.492342   -0.855117
23.42  0.483791   -0.861253
23.43  0.475178   -0.867282
23.44  0.466506   -0.873203
23.45  0.457773   -0.879017
23.46  0.448983   -0.884722
23.47  0.440136   -0.890317
23.48  0.431233   -0.895802
23.49  0.422275   -0.901176
23.5  0.413263   -0.906438
23.51  0.404199   -0.911589
23.52  0.395083   -0.916626
23.53  0.385917   -0.921549
23.54  0.376701   -0.926359
23.55  0.367438   -0.931053
23.56  0.358127   -0.935632
23.57  0.348771   -0.940095
23.58  0.33937   -0.944441
23.59  0.329925   -0.948671
23.6  0.320439   -0.952782
23.61  0.310911   -0.956775
23.62  0.301343   -0.96065
23.63  0.291737   -0.964405
23.64  0.282093   -0.968041
23.65  0.272412   -0.971556
23.66  0.262697   -0.974951
23.67  0.252947   -0.978225
23.68  0.243165   -0.981377
23.69  0.233351   -0.984407
23.7  0.223507   -0.987315
23.71  0.213634   -0.990101
23.72  0.203733   -0.992763
23.73  0.193805   -0.995302
23.74  0.183852   -0.997717
23.75  0.173875   -1.00001
23.76  0.163875   -1.00218
23.77  0.153853   -1.00422
23.78  0.143811   -1.00613
23.79  0.13375   -1.00793
23.8  0.12367   -1.00959
23.81  0.113574   -1.01113
23.82  0.103463   -1.01255
23.83  0.0933375   -1.01384
23.84  0.0831991   -1.015
23.85  0.0730491   -1.01604
23.86  0.0628887   -1.01695
23.87  0.0527192   -1.01773
23.88  0.0425419   -1.01839
23.89  0.032358   -1.01892
23.9  0.0221688   -1.01932
23.91  0.0119755   -1.0196
23.92  0.00177951   -1.01975
23.93  -0.00841799   -1.01977
23.94  -0.0186157   -1.01967
23.95  -0.0288124   -1.01943
23.96  -0.0390067   -1.01908
23.97  -0.0491975   -1.01859
23.98  -0.0593834   -1.01798
23.99  -0.0695631   -1.01724
24  -0.0797355   -1.01637
24.01  -0.0898992   -1.01538
24.02  -0.100053   -1.01426
24.03  -0.110196   -1.01301
24.04  -0.120326   -1.01164
24.05  -0.130442   -1.01014
24.06  -0.140543   -1.00851
24.07  -0.150628   -1.00676
24.08  -0.160696   -1.00488
24.09  -0.170745   -1.00288
24.1  -0.180774   -1.00075
24.11  -0.190781   -0.998499
24.12  -0.200766   -0.996121
24.13  -0.210727   -0.993619
24.14  -0.220664   -0.990993
24.15  -0.230573   -0.988243
24.16  -0.240456   -0.98537
24.17  -0.25031   -0.982373
24.18  -0.260133   -0.979254
24.19  -0.269926   -0.976012
24.2  -0.279686   -0.972648
24.21  -0.289412   -0.969163
24.22  -0.299104   -0.965556
24.23  -0.30876   -0.961829
24.24  -0.318378   -0.957981
24.25  -0.327958   -0.954013
24.26  -0.337498   -0.949926
24.27  -0.346997   -0.94572
24.28  -0.356454   -0.941396
24.29  -0.365868   -0.936954
24.3  -0.375238   -0.932395
24.31  -0.384562   -0.927718
24.32  -0.393839   -0.922926
24.33  -0.403068   -0.918018
24.34  -0.412248   -0.912995
24.35  -0.421378   -0.907857
24.36  -0.430457   -0.902606
24.37  -0.439483   -0.897242
24.38  -0.448455   -0.891765
24.39  -0.457373   -0.886176
24.4  -0.466235   -0.880477
24.41  -0.47504   -0.874666
24.42  -0.483786   -0.868746
24.43  -0.492474   -0.862717
24.44  -0.501101   -0.85658
24.45  -0.509667   -0.850336
24.46  -0.51817   -0.843984
24.47  -0.52661   -0.837527
24.48  -0.534985   -0.830964
24.49  -0.543295   -0.824297
24.5  -0.551538   -0.817526
24.51  -0.559713   -0.810653
24.52  -0.56782   -0.803678
24.53  -0.575856   -0.796602
24.54  -0.583822   -0.789426
24.55  -0.591717   -0.78215
24.56  -0.599538   -0.774776
24.57  -0.607286   -0.767305
24.58  -0.614959   -0.759737
24.59  -0.622556   -0.752073
24.6  -0.630077   -0.744315
24.61  -0.63752   -0.736463
24.62  -0.644885   -0.728518
24.63  -0.65217   -0.720481
24.64  -0.659375   -0.712354
24.65  -0.666498   -0.704137
24.66  -0.67354   -0.695831
24.67  -0.680498   -0.687437
24.68  -0.687372   -0.678957
24.69  -0.694162   -0.670391
24.7  -0.700866   -0.66174
24.71  -0.707483   -0.653006
24.72  -0.714013   -0.644189
24.73  -0.720455   -0.635291
24.74  -0.726808   -0.626313
24.75  -0.733071   -0.617255
24.76  -0.739244   -0.60812
24.77  -0.745325   -0.598907
24.78  -0.751314   -0.589619
24.79  -0.75721   -0.580256
24.8  -0.763013   -0.57082
24.81  -0.768721   -0.561311
24.82  -0.774334   -0.551731
24.83  -0.779851   -0.542082
24.84  -0.785272   -0.532363
24.85  -0.790596   -0.522577
24.86  -0.795822   -0.512725
24.87  -0.800949   -0.502807
24.88  -0.805977   -0.492826
24.89  -0.810905   -0.482782
24.9  -0.815733   -0.472676
24.91  -0.82046   -0.462511
24.92  -0.825085   -0.452286
24.93  -0.829608   -0.442004
24.94  -0.834028   -0.431665
24.95  -0.838345   -0.421271
24.96  -0.842557   -0.410824
24.97  -0.846665   -0.400324
24.98  -0.850669   -0.389773
24.99  -0.854566   -0.379172
25  -0.858358   -0.368522
25.01  -0.862043   -0.357825
25.02  -0.865622   -0.347083
25.03  -0.869092   -0.336295
25.04  -0.872455   -0.325465
25.05  -0.87571   -0.314592
25.06  -0.878856   -0.303679
25.07  -0.881893   -0.292727
25.08  -0.88482   -0.281736
25.09  -0.887637   -0.27071
25.1  -0.890344   -0.259648
25.11  -0.892941   -0.248553
25.12  -0.895427   -0.237425
25.13  -0.897801   -0.226266
25.14  -0.900063   -0.215078
25.15  -0.902214   -0.203861
25.16  -0.904253   -0.192618
25.17  -0.906179   -0.181349
25.18  -0.907992   -0.170056
25.19  -0.909693   -0.158741
25.2  -0.91128   -0.147404
25.21  -0.912754   -0.136048
25.22  -0.914115   -0.124673
25.23  -0.915362   -0.113281
25.24  -0.916494   -0.101874
25.25  -0.917513   -0.0904525
25.26  -0.918418   -0.0790185
25.27  -0.919208   -0.0675731
25.28  -0.919884   -0.056118
25.29  -0.920445   -0.0446544
25.3  -0.920891   -0.0331838
25.31  -0.921223   -0.0217076
25.32  -0.92144   -0.0102273
25.33  -0.921543   0.00125565
25.34  -0.92153   0.0127399
25.35  -0.921403   0.024224
25.36  -0.92116   0.0357066
25.37  -0.920803   0.0471861
25.38  -0.920331   0.0586611
25.39  -0.919745   0.0701303
25.4  -0.919044   0.0815922
25.41  -0.918228   0.0930453
25.42  -0.917297   0.104488
25.43  -0.916252   0.11592
25.44  -0.915093   0.127338
25.45  -0.91382   0.138742
25.46  -0.912432   0.15013
25.47  -0.910931   0.161501
25.48  -0.909316   0.172853
25.49  -0.907587   0.184185
25.5  -0.905746   0.195495
25.51  -0.903791   0.206782
25.52  -0.901723   0.218045
25.53  -0.899542   0.229283
25.54  -0.89725   0.240493
25.55  -0.894845   0.251674
25.56  -0.892328   0.262826
25.57  -0.8897   0.273946
25.58  -0.88696   0.285033
25.59  -0.88411   0.296087
25.6  -0.881149   0.307105
25.61  -0.878078   0.318085
25.62  -0.874897   0.329028
25.63  -0.871607   0.339931
25.64  -0.868207   0.350793
25.65  -0.8647   0.361613
25.66  -0.861083   0.372388
25.67  -0.85736   0.383119
25.68  -0.853528   0.393804
25.69  -0.84959   0.40444
25.7  -0.845546   0.415028
25.71  -0.841396   0.425565
25.72  -0.83714   0.436051
25.73  -0.832779   0.446483
25.74  -0.828315   0.456861
25.75  -0.823746   0.467184
25.76  -0.819074   0.477449
25.77  -0.8143   0.487657
25.78  -0.809423   0.497804
25.79  -0.804445   0.507891
25.8  -0.799366   0.517916
25.81  -0.794187   0.527878
25.82  -0.788908   0.537775
25.83  -0.78353   0.547607
25.84  -0.778054   0.557371
25.85  -0.772481   0.567067
25.86  -0.76681   0.576694
25.87  -0.761043   0.58625
25.88  -0.755181   0.595734
25.89  -0.749223   0.605145
25.9  -0.743172   0.614482
25.91  -0.737027   0.623743
25.92  -0.73079   0.632928
25.93  -0.72446   0.642035
25.94  -0.71804   0.651063
25.95  -0.711529   0.660012
25.96  -0.704929   0.668879
25.97  -0.69824   0.677663
25.98  -0.691464   0.686365
25.99  -0.6846   0.694982
26  -0.67765   0.703513
26.01  -0.670615   0.711958
26.02  -0.663496   0.720316
26.03  -0.656292   0.728584
26.04  -0.649007   0.736763
26.05  -0.641639   0.744851
26.06  -0.63419   0.752847
26.07  -0.626662   0.76075
26.08  -0.619054   0.76856
26.09  -0.611369   0.776274
26.1  -0.603606   0.783893
26.11  -0.595767   0.791415
26.12  -0.587853   0.79884
26.13  -0.579865   0.806166
26.14  -0.571803   0.813392
26.15  -0.563669   0.820518
26.16  -0.555464   0.827542
26.17  -0.547188   0.834464
26.18  -0.538844   0.841283
26.19  -0.530431   0.847998
26.2  -0.521951   0.854609
26.21  -0.513405   0.861113
26.22  -0.504794   0.867511
26.23  -0.496119   0.873802
26.24  -0.487381   0.879985
26.25  -0.478581   0.886058
26.26  -0.46972   0.892022
26.27  -0.4608   0.897876
26.28  -0.451821   0.903619
26.29  -0.442785   0.909249
26.3  -0.433693   0.914767
26.31  -0.424545   0.920172
26.32  -0.415343   0.925463
26.33  -0.406089   0.930639
26.34  -0.396782   0.935699
26.35  -0.387425   0.940644
26.36  -0.378019   0.945472
26.37  -0.368564   0.950183
26.38  -0.359062   0.954776
26.39  -0.349514   0.959251
26.4  -0.339922   0.963606
26.41  -0.330286   0.967842
26.42  -0.320607   0.971958
26.43  -0.310888   0.975954
26.44  -0.301128   0.979828
26.45  -0.29133   0.983581
26.46  -0.281494   0.987211
26.47  -0.271622   0.990719
26.48  -0.261715   0.994104
26.49  -0.251774   0.997366
26.5  -0.2418   1.0005
26.51  -0.231795   1.00352
26.52  -0.22176   1.00641
26.53  -0.211696   1.00917
26.54  -0.201604   1.01181
26.55  -0.191486   1.01432
26.56  -0.181343   1.01671
26.57  -0.171176   1.01897
26.58  -0.160986   1.0211
26.59  -0.150775   1.0231
26.6  -0.140544   1.02498
26.61  -0.130294   1.02674
26.62  -0.120027   1.02836
26.63  -0.109744   1.02985
26.64  -0.099445   1.03122
26.65  -0.0891327   1.03246
26.66  -0.0788081   1.03357
26.67  -0.0684724   1.03455
26.68  -0.0581268   1.03541
26.69  -0.0477728   1.03613
26.7  -0.0374114   1.03673
26.71  -0.0270442   1.03719
26.72  -0.0166722   1.03753
26.73  -0.0062969   1.03774
26.74  0.00408048   1.03782
26.75  0.0144587   1.03777
26.76  0.0248363   1.03759
26.77  0.0352122   1.03728
26.78  0.0455849   1.03684
26.79  0.0559533   1.03627
26.8  0.066316   1.03557
26.81  0.0766717   1.03475
26.82  0.0870192   1.03379
26.83  0.0973571   1.03271
26.84  0.107684   1.03149
26.85  0.117999   1.03015
26.86  0.128301   1.02868
26.87  0.138587   1.02708
26.88  0.148858   1.02535
26.89  0.159112   1.0235
26.9  0.169347   1.02152
26.91  0.179562   1.01941
26.92  0.189756   1.01717
26.93  0.199928   1.0148
26.94  0.210076   1.01231
26.95  0.220199   1.00969
26.96  0.230296   1.00695
26.97  0.240365   1.00408
26.98  0.250406   1.00108
26.99  0.260417   0.997964
27  0.270397   0.994719
27.01  0.280344   0.991349
27.02  0.290257   0.987856
27.03  0.300136   0.984238
27.04  0.309978   0.980498
27.05  0.319783   0.976635
27.06  0.32955   0.97265
27.07  0.339276   0.968543
27.08  0.348961   0.964315
27.09  0.358605   0.959966
27.1  0.368204   0.955497
27.11  0.377759   0.950909
27.12  0.387268   0.946201
27.13  0.39673   0.941375
27.14  0.406144   0.936431
27.15  0.415508   0.93137
27.16  0.424822   0.926192
27.17  0.434084   0.920897
27.18  0.443293   0.915488
27.19  0.452448   0.909963
27.2  0.461547   0.904325
27.21  0.470591   0.898573
27.22  0.479576   0.892709
27.23  0.488504   0.886732
27.24  0.497371   0.880645
27.25  0.506177   0.874446
27.26  0.514922   0.868138
27.27  0.523603   0.861721
27.28  0.53222   0.855196
27.29  0.540772   0.848564
27.3  0.549258   0.841825
27.31  0.557676   0.83498
27.32  0.566026   0.82803
27.33  0.574306   0.820976
27.34  0.582516   0.813819
27.35  0.590654   0.80656
27.36  0.59872   0.799199
27.37  0.606712   0.791738
27.38  0.614629   0.784177
27.39  0.622471   0.776517
27.4  0.630236   0.76876
27.41  0.637924   0.760906
27.42  0.645533   0.752956
27.43  0.653062   0.744912
27.44  0.660512   0.736773
27.45  0.667879   0.728542
27.46  0.675165   0.720219
27.47  0.682367   0.711805
27.48  0.689485   0.703301
27.49  0.696518   0.694709
27.5  0.703465   0.686029
27.51  0.710325   0.677262
27.52  0.717098   0.66841
27.53  0.723782   0.659474
27.54  0.730377   0.650454
27.55  0.736881   0.641352
27.56  0.743295   0.632169
27.57  0.749617   0.622906
27.58  0.755846   0.613564
27.59  0.761981   0.604145
27.6  0.768023   0.594649
27.61  0.773969   0.585078
27.62  0.77982   0.575433
27.63  0.785574   0.565715
27.64  0.791231   0.555925
27.65  0.796791   0.546065
27.66  0.802251   0.536135
27.67  0.807613   0.526137
27.68  0.812874   0.516073
27.69  0.818035   0.505943
27.7  0.823094   0.495748
27.71  0.828052   0.485491
27.72  0.832907   0.475172
27.73  0.837658   0.464792
27.74  0.842306   0.454353
27.75  0.84685   0.443856
27.76  0.851288   0.433303
27.77  0.855621   0.422694
27.78  0.859848   0.412031
27.79  0.863969   0.401316
27.8  0.867982   0.390549
27.81  0.871887   0.379732
27.82  0.875685   0.368867
27.83  0.879373   0.357954
27.84  0.882953   0.346995
27.85  0.886423   0.335992
27.86  0.889783   0.324946
27.87  0.893032   0.313857
27.88  0.896171   0.302728
27.89  0.899198   0.29156
27.9  0.902114   0.280354
27.91  0.904917   0.269112
27.92  0.907608   0.257835
27.93  0.910187   0.246524
27.94  0.912652   0.235182
27.95  0.915004   0.223808
27.96  0.917242   0.212405
27.97  0.919366   0.200975
27.98  0.921376   0.189517
27.99  0.923271   0.178035
28  0.925051   0.166529
28.01  0.926716   0.155001
28.02  0.928266   0.143453
28.03  0.929701   0.131885
28.04  0.93102   0.120299
28.05  0.932223   0.108696
28.06  0.93331   0.097079
28.07  0.934281   0.0854481
28.08  0.935135   0.0738051
28.09  0.935873   0.0621514
28.1  0.936495   0.0504886
28.11  0.936999   0.038818
28.12  0.937388   0.0271411
28.13  0.937659   0.0154594
28.14  0.937814   0.00377424
28.15  0.937851   -0.0079128
28.16  0.937772   -0.0196003
28.17  0.937576   -0.0312868
28.18  0.937263   -0.0429709
28.19  0.936834   -0.0546511
28.2  0.936287   -0.0663259
28.21  0.935624   -0.0779939
28.22  0.934844   -0.0896537
28.23  0.933947   -0.101304
28.24  0.932934   -0.112943
28.25  0.931805   -0.124569
28.26  0.930559   -0.136181
28.27  0.929197   -0.147778
28.28  0.92772   -0.159357
28.29  0.926126   -0.170919
28.3  0.924417   -0.18246
28.31  0.922592   -0.19398
28.32  0.920653   -0.205477
28.33  0.918598   -0.216951
28.34  0.916428   -0.228398
28.35  0.914144   -0.239819
28.36  0.911746   -0.251211
28.37  0.909234   -0.262573
28.38  0.906608   -0.273904
28.39  0.903869   -0.285202
28.4  0.901017   -0.296466
28.41  0.898053   -0.307694
28.42  0.894976   -0.318886
28.43  0.891787   -0.330039
28.44  0.888486   -0.341153
28.45  0.885075   -0.352225
28.46  0.881553   -0.363255
28.47  0.87792   -0.374241
28.48  0.874178   -0.385181
28.49  0.870326   -0.396075
28.5  0.866365   -0.406921
28.51  0.862296   -0.417718
28.52  0.858119   -0.428464
28.53  0.853834   -0.439158
28.54  0.849442   -0.449798
28.55  0.844944   -0.460384
28.56  0.840341   -0.470914
28.57  0.835631   -0.481386
28.58  0.830818   -0.4918
28.59  0.8259   -0.502153
28.6  0.820878   -0.512446
28.61  0.815754   -0.522675
28.62  0.810527   -0.532841
28.63  0.805198   -0.542942
28.64  0.799769   -0.552977
28.65  0.794239   -0.562943
28.66  0.78861   -0.572841
28.67  0.782881   -0.582669
28.68  0.777055   -0.592425
28.69  0.77113   -0.602109
28.7  0.765109   -0.611719
28.71  0.758992   -0.621253
28.72  0.75278   -0.630712
28.73  0.746473   -0.640093
28.74  0.740072   -0.649396
28.75  0.733578   -0.658618
28.76  0.726991   -0.66776
28.77  0.720314   -0.67682
28.78  0.713546   -0.685797
28.79  0.706688   -0.694689
28.8  0.699741   -0.703496
28.81  0.692706   -0.712216
28.82  0.685584   -0.720848
28.83  0.678375   -0.729392
28.84  0.671081   -0.737846
28.85  0.663703   -0.746209
28.86  0.656241   -0.75448
28.87  0.648696   -0.762658
28.88  0.641069   -0.770742
28.89  0.633362   -0.778731
28.9  0.625575   -0.786624
28.91  0.617708   -0.79442
28.92  0.609764   -0.802118
28.93  0.601743   -0.809717
28.94  0.593646   -0.817216
28.95  0.585474   -0.824614
28.96  0.577228   -0.83191
28.97  0.568908   -0.839103
28.98  0.560517   -0.846193
28.99  0.552056   -0.853178
29  0.543524   -0.860058
29.01  0.534923   -0.866831
29.02  0.526255   -0.873498
29.03  0.51752   -0.880056
29.04  0.508719   -0.886505
29.05  0.499854   -0.892845
29.06  0.490926   -0.899074
29.07  0.481935   -0.905192
29.08  0.472883   -0.911198
29.09  0.463771   -0.917091
29.1  0.4546   -0.92287
29.11  0.445372   -0.928536
29.12  0.436086   -0.934086
29.13  0.426745   -0.93952
29.14  0.41735   -0.944838
29.15  0.407902   -0.950039
29.16  0.398401   -0.955123
29.17  0.38885   -0.960088
29.18  0.379249   -0.964933
29.19  0.3696   -0.96966
29.2  0.359903   -0.974266
29.21  0.350161   -0.978751
29.22  0.340373   -0.983114
29.23  0.330542   -0.987356
29.24  0.320668   -0.991475
29.25  0.310754   -0.995472
29.26  0.300799   -0.999344
29.27  0.290806   -1.00309
29.28  0.280775   -1.00672
29.29  0.270707   -1.01022
29.3  0.260605   -1.01359
29.31  0.250469   -1.01684
29.32  0.240301   -1.01996
29.33  0.230101   -1.02295
29.34  0.219872   -1.02582
29.35  0.209614   -1.02856
29.36  0.199328   -1.03117
29.37  0.189016   -1.03366
29.38  0.17868   -1.03601
29.39  0.16832   -1.03824
29.4  0.157937   -1.04034
29.41  0.147534   -1.0423
29.42  0.137111   -1.04414
29.43  0.126669   -1.04585
29.44  0.116211   -1.04743
29.45  0.105737   -1.04888
29.46  0.0952479   -1.0502
29.47  0.0847459   -1.05138
29.48  0.0742321   -1.05244
29.49  0.0637077   -1.05336
29.5  0.053174   -1.05416
29.51  0.0426324   -1.05482
29.52  0.0320842   -1.05535
29.53  0.0215307   -1.05575
29.54  0.0109732   -1.05602
29.55  0.000412964   -1.05616
29.56  -0.0101486   -1.05616
29.57  -0.0207102   -1.05604
29.58  -0.0312706   -1.05578
29.59  -0.0418284   -1.05539
29.6  -0.0523823   -1.05487
29.61  -0.0629309   -1.05421
29.62  -0.0734731   -1.05343
29.63  -0.0840074   -1.05251
29.64  -0.0945325   -1.05147
29.65  -0.105047   -1.05029
29.66  -0.11555   -1.04898
29.67  -0.12604   -1.04754
29.68  -0.136515   -1.04597
29.69  -0.146975   -1.04427
29.7  -0.157418   -1.04244
29.71  -0.167842   -1.04048
29.72  -0.178247   -1.03838
29.73  -0.188631   -1.03616
29.74  -0.198992   -1.03381
29.75  -0.20933   -1.03133
29.76  -0.219644   -1.02872
29.77  -0.229931   -1.02599
29.78  -0.240191   -1.02312
29.79  -0.250422   -1.02013
29.8  -0.260623   -1.01701
29.81  -0.270793   -1.01376
29.82  -0.280931   -1.01038
29.83  -0.291035   -1.00688
29.84  -0.301104   -1.00326
29.85  -0.311136   -0.999504
29.86  -0.321131   -0.995626
29.87  -0.331087   -0.991624
29.88  -0.341004   -0.987498
29.89  -0.350879   -0.983249
29.9  -0.360711   -0.978876
29.91  -0.3705   -0.974381
29.92  -0.380244   -0.969764
29.93  -0.389941   -0.965025
29.94  -0.399592   -0.960166
29.95  -0.409193   -0.955186
29.96  -0.418745   -0.950086
29.97  -0.428246   -0.944868
29.98  -0.437695   -0.939531
29.99  -0.44709   -0.934077
30  -0.456431   -0.928505
30.01  -0.465716   -0.922817
30.02  -0.474944   -0.917013
30.03  -0.484114   -0.911095
30.04  -0.493225   -0.905061
30.05  -0.502276   -0.898915
30.06  -0.511265   -0.892656
30.07  -0.520191   -0.886284
30.08  -0.529054   -0.879802
30.09  -0.537852   -0.873208
30.1  -0.546584   -0.866506
30.11  -0.555249   -0.859694
30.12  -0.563846   -0.852775
30.13  -0.572374   -0.845748
30.14  -0.580831   -0.838615
30.15  -0.589218   -0.831377
30.16  -0.597531   -0.824034
30.17  -0.605772   -0.816587
30.18  -0.613938   -0.809038
30.19  -0.622028   -0.801387
30.2  -0.630042   -0.793636
30.21  -0.637978   -0.785784
30.22  -0.645836   -0.777834
30.23  -0.653614   -0.769785
30.24  -0.661312   -0.76164
30.25  -0.668929   -0.753399
30.26  -0.676463   -0.745062
30.27  -0.683913   -0.736632
30.28  -0.69128   -0.728109
30.29  -0.698561   -0.719495
30.3  -0.705756   -0.710789
30.31  -0.712864   -0.701994
30.32  -0.719883   -0.69311
30.33  -0.726815   -0.684139
30.34  -0.733656   -0.675082
30.35  -0.740407   -0.665939
30.36  -0.747066   -0.656712
30.37  -0.753633   -0.647402
30.38  -0.760107   -0.63801
30.39  -0.766487   -0.628538
30.4  -0.772773   -0.618986
30.41  -0.778963   -0.609355
30.42  -0.785056   -0.599648
30.43  -0.791053   -0.589865
30.44  -0.796951   -0.580006
30.45  -0.802751   -0.570075
30.46  -0.808452   -0.560071
30.47  -0.814053   -0.549996
30.48  -0.819553   -0.539851
30.49  -0.824951   -0.529638
30.5  -0.830248   -0.519357
30.51  -0.835441   -0.509011
30.52  -0.840531   -0.4986
30.53  -0.845517   -0.488125
30.54  -0.850399   -0.477588
30.55  -0.855175   -0.46699
30.56  -0.859844   -0.456333
30.57  -0.864408   -0.445618
30.58  -0.868864   -0.434846
30.59  -0.873212   -0.424018
30.6  -0.877453   -0.413136
30.61  -0.881584   -0.402201
30.62  -0.885606   -0.391215
30.63  -0.889518   -0.380178
30.64  -0.89332   -0.369093
30.65  -0.897011   -0.357961
30.66  -0.90059   -0.346782
30.67  -0.904058   -0.335559
30.68  -0.907414   -0.324292
30.69  -0.910657   -0.312984
30.7  -0.913787   -0.301636
30.71  -0.916803   -0.290248
30.72  -0.919705   -0.278823
30.73  -0.922494   -0.267361
30.74  -0.925167   -0.255865
30.75  -0.927726   -0.244336
30.76  -0.930169   -0.232775
30.77  -0.932497   -0.221183
30.78  -0.934709   -0.209562
30.79  -0.936804   -0.197914
30.8  -0.938784   -0.186239
30.81  -0.940646   -0.17454
30.82  -0.942391   -0.162818
30.83  -0.94402   -0.151074
30.84  -0.94553   -0.139309
30.85  -0.946923   -0.127526
30.86  -0.948199   -0.115726
30.87  -0.949356   -0.103909
30.88  -0.950395   -0.0920782
30.89  -0.951316   -0.0802343
30.9  -0.952118   -0.068379
30.91  -0.952802   -0.0565137
30.92  -0.953367   -0.0446399
30.93  -0.953813   -0.0327591
30.94  -0.954141   -0.0208726
30.95  -0.95435   -0.00898211
30.96  -0.95444   0.002911
30.97  -0.95441   0.0148052
30.98  -0.954262   0.0266991
30.99  -0.953995   0.0385911
31  -0.95361   0.0504798
31.01  -0.953105   0.0623637
31.02  -0.952481   0.0742413
31.03  -0.951739   0.0861111
31.04  -0.950878   0.0979717
31.05  -0.949898   0.109822
31.06  -0.9488   0.121659
31.07  -0.947583   0.133483
31.08  -0.946248   0.145292
31.09  -0.944795   0.157084
31.1  -0.943224   0.168858
31.11  -0.941536   0.180613
31.12  -0.93973   0.192346
31.13  -0.937806   0.204057
31.14  -0.935766   0.215744
31.15  -0.933608   0.227405
31.16  -0.931334   0.23904
31.17  -0.928944   0.250646
31.18  -0.926437   0.262223
31.19  -0.923815   0.273768
31.2  -0.921077   0.285281
31.21  -0.918225   0.296759
31.22  -0.915257   0.308202
31.23  -0.912175   0.319608
31.24  -0.908979   0.330976
31.25  -0.905669   0.342303
31.26  -0.902246   0.35359
31.27  -0.89871   0.364833
31.28  -0.895062   0.376033
31.29  -0.891302   0.387187
31.3  -0.88743   0.398295
31.31  -0.883447   0.409354
31.32  -0.879353   0.420364
31.33  -0.87515   0.431322
31.34  -0.870836   0.442228
31.35  -0.866414   0.453081
31.36  -0.861883   0.463878
31.37  -0.857245   0.474619
31.38  -0.852498   0.485302
31.39  -0.847645   0.495925
31.4  -0.842686   0.506489
31.41  -0.837621   0.51699
31.42  -0.832451   0.527429
31.43  -0.827177   0.537803
31.44  -0.821799   0.548111
31.45  -0.816318   0.558352
31.46  -0.810734   0.568525
31.47  -0.805049   0.578629
31.48  -0.799263   0.588661
31.49  -0.793376   0.598622
31.5  -0.78739   0.608509
31.51  -0.781305   0.618321
31.52  -0.775122   0.628058
31.53  -0.768841   0.637717
31.54  -0.762464   0.647299
31.55  -0.755991   0.6568
31.56  -0.749423   0.666222
31.57  -0.742761   0.675561
31.58  -0.736005   0.684817
31.59  -0.729157   0.693989
31.6  -0.722217   0.703076
31.61  -0.715186   0.712076
31.62  -0.708065   0.720989
31.63  -0.700856   0.729813
31.64  -0.693557   0.738547
31.65  -0.686172   0.74719
31.66  -0.6787   0.755741
31.67  -0.671143   0.764199
31.68  -0.663501   0.772563
31.69  -0.655775   0.780832
31.7  -0.647967   0.789004
31.71  -0.640077   0.797079
31.72  -0.632106   0.805055
31.73  -0.624055   0.812933
31.74  -0.615926   0.82071
31.75  -0.607719   0.828385
31.76  -0.599435   0.835959
31.77  -0.591076   0.843429
31.78  -0.582641   0.850795
31.79  -0.574133   0.858056
31.8  -0.565553   0.865211
31.81  -0.556901   0.872259
31.82  -0.548178   0.879199
31.83  -0.539386   0.88603
31.84  -0.530526   0.892752
31.85  -0.521598   0.899363
31.86  -0.512605   0.905863
31.87  -0.503546   0.912252
31.88  -0.494423   0.918527
31.89  -0.485238   0.924688
31.9  -0.475991   0.930735
31.91  -0.466684   0.936667
31.92  -0.457317   0.942483
31.93  -0.447892   0.948182
31.94  -0.438411   0.953764
31.95  -0.428873   0.959227
31.96  -0.419281   0.964572
31.97  -0.409635   0.969797
31.98  -0.399937   0.974902
31.99  -0.390188   0.979886
32  -0.380389   0.984748
32.01  -0.370542   0.989489
32.02  -0.360647   0.994106
32.03  -0.350706   0.998601
32.04  -0.34072   1.00297
32.05  -0.33069   1.00722
32.06  -0.320618   1.01134
32.07  -0.310504   1.01533
32.08  -0.300351   1.0192
32.09  -0.290159   1.02295
32.1  -0.27993   1.02656
32.11  -0.269664   1.03005
32.12  -0.259363   1.03341
32.13  -0.249029   1.03664
32.14  -0.238663   1.03975
32.15  -0.228265   1.04272
32.16  -0.217838   1.04557
32.17  -0.207383   1.04828
32.18  -0.1969   1.05086
32.19  -0.186391   1.05332
32.2  -0.175858   1.05564
32.21  -0.165302   1.05783
32.22  -0.154723   1.05989
32.23  -0.144124   1.06182
32.24  -0.133506   1.06362
32.25  -0.12287   1.06528
32.26  -0.112217   1.06681
32.27  -0.101549   1.06821
32.28  -0.0908668   1.06948
32.29  -0.0801721   1.07061
32.3  -0.069466   1.07161
32.31  -0.0587499   1.07247
32.32  -0.0480252   1.07321
32.33  -0.0372931   1.0738
32.34  -0.0265551   1.07427
32.35  -0.0158124   1.0746
32.36  -0.0050664   1.0748
32.37  0.00568156   1.07486
32.38  0.0164302   1.07479
32.39  0.0271781   1.07458
32.4  0.0379239   1.07425
32.41  0.0486664   1.07377
32.42  0.0594041   1.07317
32.43  0.0701357   1.07243
32.44  0.08086   1.07155
32.45  0.0915755   1.07054
32.46  0.102281   1.0694
32.47  0.112975   1.06813
32.48  0.123656   1.06672
32.49  0.134324   1.06518
32.5  0.144975   1.06351
32.51  0.15561   1.0617
32.52  0.166227   1.05976
32.53  0.176825   1.05769
32.54  0.187402   1.05548
32.55  0.197957   1.05315
32.56  0.208488   1.05068
32.57  0.218995   1.04808
32.58  0.229476   1.04536
32.59  0.239929   1.0425
32.6  0.250354   1.03951
32.61  0.260749   1.03639
32.62  0.271113   1.03314
32.63  0.281445   1.02976
32.64  0.291742   1.02625
32.65  0.302005   1.02261
32.66  0.312231   1.01885
32.67  0.322419   1.01496
32.68  0.332569   1.01094
32.69  0.342678   1.0068
32.7  0.352746   1.00253
32.71  0.362772   0.998131
32.72  0.372753   0.99361
32.73  0.382689   0.988965
32.74  0.392579   0.984196
32.75  0.402421   0.979303
32.76  0.412214   0.974288
32.77  0.421957   0.969151
32.78  0.431648   0.963893
32.79  0.441287   0.958514
32.8  0.450872   0.953014
32.81  0.460402   0.947396
32.82  0.469876   0.941658
32.83  0.479293   0.935803
32.84  0.488651   0.92983
32.85  0.497949   0.92374
32.86  0.507187   0.917535
32.87  0.516362   0.911214
32.88  0.525474   0.904779
32.89  0.534522   0.898231
32.9  0.543504   0.891569
32.91  0.55242   0.884796
32.92  0.561268   0.877912
32.93  0.570047   0.870918
32.94  0.578756   0.863814
32.95  0.587394   0.856601
32.96  0.59596   0.849281
32.97  0.604453   0.841854
32.98  0.612872   0.834321
32.99  0.621215   0.826684
33  0.629482   0.818942
33.01  0.637671   0.811098
33.02  0.645782   0.803151
33.03  0.653814   0.795103
33.04  0.661765   0.786955
33.05  0.669634   0.778709
33.06  0.677421   0.770364
33.07  0.685125   0.761922
33.08  0.692744   0.753384
33.09  0.700278   0.744751
33.1  0.707725   0.736024
33.11  0.715086   0.727204
33.12  0.722358   0.718293
33.13  0.729541   0.709291
33.14  0.736633   0.700199
33.15  0.743635   0.691019
33.16  0.750546   0.681752
33.17  0.757363   0.672399
33.18  0.764087   0.66296
33.19  0.770717   0.653438
33.2  0.777251   0.643834
33.21  0.78369   0.634147
33.22  0.790031   0.624381
33.23  0.796275   0.614536
33.24  0.80242   0.604613
33.25  0.808466   0.594613
33.26  0.814412   0.584538
33.27  0.820258   0.574388
33.28  0.826002   0.564166
33.29  0.831643   0.553873
33.3  0.837182   0.543509
33.31  0.842617   0.533076
33.32  0.847948   0.522575
33.33  0.853174   0.512008
33.34  0.858294   0.501376
33.35  0.863307   0.49068
33.36  0.868214   0.479921
33.37  0.873014   0.469102
33.38  0.877705   0.458222
33.39  0.882287   0.447284
33.4  0.88676   0.436289
33.41  0.891122   0.425238
33.42  0.895375   0.414133
33.43  0.899516   0.402975
33.44  0.903546   0.391765
33.45  0.907464   0.380505
33.46  0.911269   0.369196
33.47  0.914961   0.35784
33.48  0.918539   0.346438
33.49  0.922003   0.334991
33.5  0.925353   0.323501
33.51  0.928588   0.311969
33.52  0.931708   0.300397
33.53  0.934712   0.288786
33.54  0.9376   0.277138
33.55  0.940371   0.265453
33.56  0.943026   0.253734
33.57  0.945563   0.241982
33.58  0.947983   0.230199
33.59  0.950285   0.218385
33.6  0.952469   0.206543
33.61  0.954534   0.194673
33.62  0.956481   0.182778
33.63  0.958309   0.170858
33.64  0.960017   0.158915
33.65  0.961606   0.146952
33.66  0.963076   0.134968
33.67  0.964426   0.122966
33.68  0.965655   0.110948
33.69  0.966765   0.0989136
33.7  0.967754   0.0868658
33.71  0.968623   0.0748056
33.72  0.969371   0.0627347
33.73  0.969998   0.0506543
33.74  0.970504   0.0385662
33.75  0.97089   0.0264718
33.76  0.971155   0.0143726
33.77  0.971299   0.00227002
33.78  0.971321   -0.00983431
33.79  0.971223   -0.0219389
33.8  0.971004   -0.0340423
33.81  0.970663   -0.046143
33.82  0.970202   -0.0582394
33.83  0.969619   -0.07033
33.84  0.968916   -0.0824134
33.85  0.968092   -0.0944881
33.86  0.967147   -0.106552
33.87  0.966081   -0.118605
33.88  0.964895   -0.130644
33.89  0.963589   -0.142669
33.9  0.962162   -0.154677
33.91  0.960616   -0.166668
33.92  0.958949   -0.178639
33.93  0.957162   -0.190589
33.94  0.955257   -0.202517
33.95  0.953231   -0.214422
33.96  0.951087   -0.226301
33.97  0.948824   -0.238153
33.98  0.946443   -0.249978
33.99  0.943943   -0.261772
34  0.941325   -0.273536
34.01  0.93859   -0.285266
34.02  0.935737   -0.296963
34.03  0.932767   -0.308624
34.04  0.929681   -0.320248
34.05  0.926479   -0.331834
34.06  0.92316   -0.34338
34.07  0.919727   -0.354884
34.08  0.916178   -0.366346
34.09  0.912514   -0.377763
34.1  0.908737   -0.389135
34.11  0.904845   -0.40046
34.12  0.900841   -0.411736
34.13  0.896723   -0.422962
34.14  0.892494   -0.434137
34.15  0.888152   -0.44526
34.16  0.8837   -0.456328
34.17  0.879136   -0.46734
34.18  0.874463   -0.478296
34.19  0.86968   -0.489194
34.2  0.864788   -0.500032
34.21  0.859788   -0.510809
34.22  0.85468   -0.521523
34.23  0.849465   -0.532174
34.24  0.844143   -0.54276
34.25  0.838715   -0.55328
34.26  0.833182   -0.563732
34.27  0.827545   -0.574115
34.28  0.821804   -0.584428
34.29  0.81596   -0.59467
34.3  0.810013   -0.604838
34.31  0.803965   -0.614932
34.32  0.797815   -0.624951
34.33  0.791566   -0.634894
34.34  0.785217   -0.644758
34.35  0.778769   -0.654544
34.36  0.772224   -0.664249
34.37  0.765581   -0.673872
34.38  0.758843   -0.683413
34.39  0.752008   -0.69287
34.4  0.74508   -0.702241
34.41  0.738057   -0.711526
34.42  0.730942   -0.720724
34.43  0.723735   -0.729833
34.44  0.716436   -0.738852
34.45  0.709048   -0.74778
34.46  0.70157   -0.756617
34.47  0.694004   -0.76536
34.48  0.68635   -0.774008
34.49  0.67861   -0.782562
34.5  0.670785   -0.791018
34.51  0.662874   -0.799378
34.52  0.654881   -0.807638
34.53  0.646804   -0.8158
34.54  0.638646   -0.82386
34.55  0.630408   -0.831819
34.56  0.62209   -0.839675
34.57  0.613693   -0.847428
34.58  0.605219   -0.855075
34.59  0.596668   -0.862618
34.6  0.588042   -0.870053
34.61  0.579341   -0.877381
34.62  0.570567   -0.884601
34.63  0.561721   -0.891712
34.64  0.552804   -0.898712
34.65  0.543817   -0.905601
34.66  0.534761   -0.912378
34.67  0.525637   -0.919042
34.68  0.516447   -0.925593
34.69  0.507191   -0.932029
34.7  0.497871   -0.938349
34.71  0.488487   -0.944554
34.72  0.479042   -0.950641
34.73  0.469535   -0.956611
34.74  0.459969   -0.962462
34.75  0.450344   -0.968194
34.76  0.440662   -0.973807
34.77  0.430924   -0.979298
34.78  0.421131   -0.984668
34.79  0.411285   -0.989917
34.8  0.401386   -0.995042
34.81  0.391435   -1.00004
34.82  0.381435   -1.00492
34.83  0.371385   -1.00968
34.84  0.361289   -1.0143
34.85  0.351146   -1.01881
34.86  0.340958   -1.02318
34.87  0.330726   -1.02743
34.88  0.320452   -1.03155
34.89  0.310136   -1.03555
34.9  0.299781   -1.03941
34.91  0.289386   -1.04315
34.92  0.278955   -1.04675
34.93  0.268487   -1.05023
34.94  0.257985   -1.05358
34.95  0.247449   -1.05679
34.96  0.236881   -1.05987
34.97  0.226283   -1.06283
34.98  0.215654   -1.06565
34.99  0.204998   -1.06833
