0  0.787   0
0.1  0.785852   -0.0229219
0.2  0.782431   -0.0453817
0.3  0.776805   -0.0669501
0.4  0.769083   -0.0872589
0.5  0.759405   -0.106021
0.6  0.747937   -0.123039
0.7  0.734859   -0.138211
0.8  0.720358   -0.151514
0.9  0.704617   -0.162998
1  0.687815   -0.172769
1.1  0.670116   -0.180966
1.2  0.651669   -0.187753
1.3  0.632607   -0.193301
1.4  0.613044   -0.197783
1.5  0.59308   -0.201359
1.6  0.572798   -0.204179
1.7  0.552265   -0.206377
1.8  0.531539   -0.20807
1.9  0.510665   -0.209357
2  0.489678   -0.210323
2.1  0.468608   -0.211039
2.2  0.447477   -0.211561
2.3  0.426301   -0.211937
2.4  0.405093   -0.212202
2.5  0.383863   -0.212385
2.6  0.362618   -0.21251
2.7  0.341363   -0.212593
2.8  0.320101   -0.212647
2.9  0.298834   -0.21268
3  0.277565   -0.212701
3.1  0.256294   -0.212713
3.2  0.235022   -0.21272
3.3  0.21375   -0.212723
3.4  0.192478   -0.212725
3.5  0.171205   -0.212726
3.6  0.149933   -0.212726
3.7  0.12866   -0.212726
3.8  0.107387   -0.212726
3.9  0.0861148   -0.212726
4  0.0648422   -0.212726
4.1  0.0435696   -0.212726
4.2  0.0222969   -0.212726
4.3  0.0010243   -0.212726
4.4  -0.0202483   -0.212726
4.5  -0.041521   -0.212726
4.6  -0.0627936   -0.212726
4.7  -0.0840662   -0.212726
4.8  -0.105339   -0.212726
4.9  -0.126612   -0.212726
5  -0.147884   -0.212726
5.1  -0.169157   -0.212726
5.2  -0.190429   -0.212725
5.3  -0.211702   -0.212723
5.4  -0.232974   -0.21272
5.5  -0.254246   -0.212714
5.6  -0.275517   -0.212702
5.7  -0.296786   -0.212683
5.8  -0.318053   -0.212651
5.9  -0.339315   -0.212599
6  -0.360572   -0.21252
6.1  -0.381818   -0.2124
6.2  -0.40305   -0.212222
6.3  -0.42426   -0.211966
6.4  -0.445439   -0.211603
6.5  -0.466576   -0.211097
6.6  -0.487652   -0.210402
6.7  -0.508648   -0.209463
6.8  -0.529535   -0.20821
6.9  -0.550277   -0.206561
7  -0.57083   -0.204416
7.1  -0.59114   -0.201661
7.2  -0.611138   -0.198164
7.3  -0.630743   -0.193777
7.4  -0.649858   -0.188338
7.5  -0.66837   -0.181678
7.6  -0.686147   -0.173624
7.7  -0.703043   -0.164012
7.8  -0.718893   -0.152697
7.9  -0.733522   -0.139573
8  -0.746745   -0.124582
8.1  -0.758376   -0.107738
8.2  -0.768234   -0.0891368
8.3  -0.776151   -0.068966
8.4  -0.781984   -0.047504
8.5  -0.785621   -0.0251121
8.6  -0.786989   -0.00221493
8.7  -0.786062   0.0207273
8.8  -0.782858   0.043251
8.9  -0.77744   0.0649225
9  -0.769914   0.0853664
9.1  -0.760418   0.104287
9.2  -0.749115   0.12148
9.3  -0.736184   0.136831
9.4  -0.721811   0.150313
9.5  -0.706182   0.161969
9.6  -0.689475   0.171899
9.7  -0.671855   0.18024
9.8  -0.653474   0.187156
9.9  -0.634466   0.192816
10  -0.614947   0.197393
10.1  -0.595018   0.20105
10.2  -0.574763   0.203937
10.3  -0.554252   0.206189
10.4  -0.533542   0.207926
10.5  -0.51268   0.209248
10.6  -0.491703   0.210242
10.7  -0.470641   0.210979
10.8  -0.449514   0.211518
10.9  -0.428342   0.211906
11  -0.407137   0.21218
11.1  -0.385909   0.21237
11.2  -0.364665   0.2125
11.3  -0.34341   0.212586
11.4  -0.322148   0.212642
11.5  -0.300882   0.212678
11.6  -0.279613   0.212699
11.7  -0.258343   0.212712
11.8  -0.237071   0.212719
11.9  -0.215799   0.212723
12  -0.194527   0.212725
12.1  -0.173254   0.212726
12.2  -0.151982   0.212726
12.3  -0.130709   0.212726
12.4  -0.109436   0.212726
12.5  -0.0881637   0.212726
12.6  -0.066891   0.212726
12.7  -0.0456184   0.212726
12.8  -0.0243458   0.212726
12.9  -0.00307316   0.212726
13  0.0181995   0.212726
13.1  0.0394721   0.212726
13.2  0.0607447   0.212726
13.3  0.0820174   0.212726
13.4  0.10329   0.212726
13.5  0.124563   0.212726
13.6  0.145835   0.212726
13.7  0.167108   0.212726
13.8  0.18838   0.212725
13.9  0.209653   0.212724
14  0.230925   0.21272
14.1  0.252197   0.212714
14.2  0.273468   0.212704
14.3  0.294737   0.212685
14.4  0.316004   0.212654
14.5  0.337268   0.212605
14.6  0.358525   0.212529
14.7  0.379772   0.212413
14.8  0.401005   0.212242
14.9  0.422218   0.211995
15  0.443401   0.211644
15.1  0.464542   0.211153
15.2  0.485625   0.210479
15.3  0.50663   0.209566
15.4  0.527528   0.208346
15.5  0.548286   0.206739
15.6  0.56886   0.204647
15.7  0.589196   0.201957
15.8  0.609227   0.198537
15.9  0.628874   0.194242
16  0.648041   0.188912
16.1  0.666616   0.182378
16.2  0.684471   0.174465
16.3  0.701458   0.16501
16.4  0.717416   0.153865
16.5  0.732171   0.140918
16.6  0.745538   0.126107
16.7  0.75733   0.109439
16.8  0.767366   0.0910005
16.9  0.775477   0.0709702
17  0.781516   0.049618
17.1  0.785368   0.0272981
17.2  0.786957   0.0044299
17.3  0.786251   -0.0185283
17.4  0.783264   -0.0411119
17.5  0.778056   -0.0628829
17.6  0.770727   -0.0834594
17.7  0.761414   -0.102537
17.8  0.750277   -0.119903
17.9  0.737495   -0.135434
18  0.723253   -0.149095
18.1  0.707737   -0.160923
18.2  0.691126   -0.171014
18.3  0.673588   -0.179502
18.4  0.655274   -0.186547
18.5  0.636321   -0.192321
18.6  0.616847   -0.196995
18.7  0.596953   -0.200733
18.8  0.576726   -0.203688
18.9  0.556237   -0.205996
19  0.535544   -0.207778
19.1  0.514696   -0.209136
19.2  0.493728   -0.210159
19.3  0.472673   -0.210918
19.4  0.451552   -0.211473
19.5  0.430383   -0.211874
19.6  0.409181   -0.212158
19.7  0.387954   -0.212355
19.8  0.366712   -0.21249
19.9  0.345458   -0.21258
20  0.324197   -0.212638
20.1  0.302931   -0.212675
20.2  0.281662   -0.212698
20.3  0.260392   -0.212711
20.4  0.23912   -0.212719
20.5  0.217848   -0.212723
20.6  0.196576   -0.212725
20.7  0.175303   -0.212726
20.8  0.154031   -0.212726
20.9  0.132758   -0.212726
21  0.111486   -0.212726
21.1  0.0902129   -0.212726
21.2  0.0689403   -0.212726
21.3  0.0476677   -0.212726
21.4  0.0263951   -0.212726
21.5  0.00512245   -0.212726
21.6  -0.0161502   -0.212726
21.7  -0.0374228   -0.212726
21.8  -0.0586954   -0.212726
21.9  -0.079968   -0.212726
22  -0.101241   -0.212726
22.1  -0.122513   -0.212726
22.2  -0.143786   -0.212726
22.3  -0.165059   -0.212726
22.4  -0.186331   -0.212725
22.5  -0.207604   -0.212724
22.6  -0.228876   -0.212721
22.7  -0.250148   -0.212715
22.8  -0.271419   -0.212705
22.9  -0.292688   -0.212687
23  -0.313956   -0.212658
23.1  -0.335219   -0.212611
23.2  -0.356477   -0.212538
23.3  -0.377726   -0.212427
23.4  -0.398961   -0.212262
23.5  -0.420176   -0.212023
23.6  -0.441362   -0.211683
23.7  -0.462508   -0.211207
23.8  -0.483597   -0.210553
23.9  -0.50461   -0.209666
24  -0.525521   -0.208479
24.1  -0.546294   -0.206914
24.2  -0.566887   -0.204873
24.3  -0.587249   -0.202245
24.4  -0.607313   -0.198902
24.5  -0.627   -0.194699
24.6  -0.646218   -0.189476
24.7  -0.664856   -0.183064
24.8  -0.682786   -0.175292
24.9  -0.699863   -0.165992
25  -0.715928   -0.155015
25.1  -0.730807   -0.142246
25.2  -0.744315   -0.127615
25.3  -0.756267   -0.111124
25.4  -0.76648   -0.0928498
25.5  -0.774783   -0.0729625
25.6  -0.781028   -0.0517235
25.7  -0.785095   -0.0294794
25.8  -0.786904   -0.00664449
25.9  -0.786419   0.0163254
26  -0.78365   0.0389649
26.1  -0.778652   0.0608319
26.2  -0.771522   0.081538
26.3  -0.762393   0.100771
26.4  -0.751425   0.118308
26.5  -0.738793   0.134019
26.6  -0.724683   0.147859
26.7  -0.709282   0.159861
26.8  -0.69277   0.170114
26.9  -0.675314   0.178749
27  -0.657068   0.185926
27.1  -0.638171   0.191815
27.2  -0.618743   0.196587
27.3  -0.598886   0.200409
27.4  -0.578687   0.203434
27.5  -0.558221   0.205799
27.6  -0.537546   0.207626
27.7  -0.51671   0.209021
27.8  -0.495753   0.210073
27.9  -0.474704   0.210854
28  -0.453589   0.211427
28.1  -0.432424   0.211841
28.2  -0.411225   0.212134
28.3  -0.39   0.212339
28.4  -0.368759   0.212479
28.5  -0.347506   0.212572
28.6  -0.326246   0.212633
28.7  -0.30498   0.212672
28.8  -0.283712   0.212696
28.9  -0.262441   0.21271
29  -0.24117   0.212718
29.1  -0.219898   0.212722
29.2  -0.198626   0.212724
29.3  -0.177353   0.212725
29.4  -0.15608   0.212726
29.5  -0.134808   0.212726
29.6  -0.113535   0.212726
29.7  -0.0922626   0.212726
29.8  -0.07099   0.212726
29.9  -0.0497174   0.212726
30  -0.0284448   0.212726
30.1  -0.00717217   0.212726
30.2  0.0141004   0.212726
30.3  0.0353731   0.212726
30.4  0.0566457   0.212726
30.5  0.0779183   0.212726
30.6  0.0991909   0.212726
30.7  0.120464   0.212726
30.8  0.141736   0.212726
30.9  0.163009   0.212726
31  0.184281   0.212725
31.1  0.205554   0.212724
31.2  0.226826   0.212721
31.3  0.248098   0.212716
31.4  0.269369   0.212706
31.5  0.290639   0.212689
31.6  0.311907   0.212661
31.7  0.333171   0.212616
31.8  0.354429   0.212546
31.9  0.375679   0.212439
32  0.396915   0.21228
32.1  0.418132   0.21205
32.2  0.439322   0.211721
32.3  0.460472   0.21126
32.4  0.481568   0.210625
32.5  0.50259   0.209763
32.6  0.523511   0.208609
32.7  0.544299   0.207083
32.8  0.564912   0.205093
32.9  0.585298   0.202527
33  0.605394   0.199259
33.1  0.625122   0.195145
33.2  0.64439   0.190028
33.3  0.663089   0.183739
33.4  0.681093   0.176105
33.5  0.698259   0.166959
33.6  0.714429   0.15615
33.7  0.72943   0.143556
33.8  0.743078   0.129107
33.9  0.755189   0.112792
34  0.765577   0.0946843
34.1  0.774071   0.0749426
34.2  0.780519   0.05382
34.3  0.7848   0.0316557
34.4  0.786829   0.00885828
34.5  0.786566   -0.014119
34.6  0.784015   -0.0368101
34.7  0.779228   -0.0587695
34.8  0.772299   -0.0796024
34.9  0.763356   -0.0989886
35  0.752557   -0.116696
