0  0.787   0
0.1  0.785147   -0.0369891
0.2  0.779631   -0.0731194
0.3  0.770578   -0.107599
0.4  0.758189   -0.139759
0.5  0.742721   -0.169094
0.6  0.724475   -0.19528
0.7  0.703775   -0.21817
0.8  0.680951   -0.23778
0.9  0.656324   -0.254254
1  0.630197   -0.267832
1.1  0.602844   -0.278813
1.2  0.574509   -0.287531
1.3  0.545402   -0.294321
1.4  0.515699   -0.299507
1.5  0.485544   -0.303388
1.6  0.455056   -0.306228
1.7  0.424326   -0.308258
1.8  0.393425   -0.309671
1.9  0.362407   -0.310624
2  0.331311   -0.311246
2.1  0.300165   -0.311635
2.2  0.268989   -0.311867
2.3  0.237795   -0.311997
2.4  0.206592   -0.312065
2.5  0.175383   -0.312097
2.6  0.144173   -0.31211
2.7  0.112962   -0.312115
2.8  0.0817501   -0.312116
2.9  0.0505386   -0.312116
3  0.019327   -0.312116
3.1  -0.0118846   -0.312116
3.2  -0.0430962   -0.312116
3.3  -0.0743078   -0.312116
3.4  -0.105519   -0.312115
3.5  -0.136731   -0.312112
3.6  -0.167941   -0.312101
3.7  -0.19915   -0.312075
3.8  -0.230355   -0.312018
3.9  -0.261552   -0.311906
4  -0.292733   -0.311702
4.1  -0.323888   -0.311357
4.2  -0.354998   -0.310798
4.3  -0.386037   -0.309934
4.4  -0.41697   -0.308645
4.5  -0.447747   -0.306778
4.6  -0.478301   -0.30415
4.7  -0.508544   -0.30054
4.8  -0.538368   -0.295691
4.9  -0.567632   -0.289312
5  -0.596168   -0.281085
5.1  -0.623776   -0.270674
5.2  -0.650219   -0.257744
5.3  -0.67523   -0.241986
5.4  -0.698513   -0.223141
5.5  -0.71975   -0.201039
5.6  -0.738611   -0.175632
5.7  -0.754769   -0.147026
5.8  -0.767918   -0.1155
5.9  -0.777787   -0.0815184
6  -0.784161   -0.0457137
6.1  -0.786894   -0.00885282
6.2  -0.785924   0.0282154
6.3  -0.781273   0.0646259
6.4  -0.773048   0.0995651
6.5  -0.761433   0.132331
6.6  -0.746673   0.162376
6.7  -0.729061   0.189332
6.8  -0.708916   0.213013
6.9  -0.686569   0.233396
7  -0.662343   0.250599
7.1  -0.636548   0.264841
7.2  -0.609464   0.276413
7.3  -0.581343   0.28564
7.4  -0.552403   0.292859
7.5  -0.522827   0.298399
7.6  -0.492769   0.302566
7.7  -0.462351   0.305632
7.8  -0.431671   0.307837
7.9  -0.400806   0.309381
8  -0.369811   0.310431
8.1  -0.338731   0.311122
8.2  -0.307595   0.311559
8.3  -0.276425   0.311823
8.4  -0.245235   0.311973
8.5  -0.214033   0.312053
8.6  -0.182826   0.312091
8.7  -0.151615   0.312108
8.8  -0.120404   0.312114
8.9  -0.0891929   0.312115
9  -0.0579813   0.312116
9.1  -0.0267697   0.312116
9.2  0.00444183   0.312116
9.3  0.0356534   0.312116
9.4  0.066865   0.312116
9.5  0.0980765   0.312115
9.6  0.129288   0.312113
9.7  0.160499   0.312104
9.8  0.191708   0.312083
9.9  0.222915   0.312035
10  0.254114   0.311939
10.1  0.2853   0.311761
10.2  0.316462   0.311455
10.3  0.347584   0.310955
10.4  0.378644   0.310174
10.5  0.409606   0.308998
10.6  0.440425   0.307285
10.7  0.471039   0.304857
10.8  0.501366   0.301503
10.9  0.531301   0.296975
11  0.560712   0.290989
11.1  0.58944   0.283232
11.2  0.617289   0.273373
11.3  0.644033   0.261073
11.4  0.669411   0.246015
11.5  0.693134   0.227926
11.6  0.714889   0.20661
11.7  0.734346   0.181988
11.8  0.751178   0.154126
11.9  0.765071   0.123261
12  0.775744   0.0898138
12.1  0.782967   0.0543785
12.2  0.786578   0.0176945
12.3  0.786492   -0.0194033
12.4  0.782712   -0.0560475
12.5  0.775326   -0.0914063
12.6  0.764498   -0.124746
12.7  0.750463   -0.15548
12.8  0.733503   -0.183197
12.9  0.713933   -0.207667
13  0.69208   -0.22883
13.1  0.668274   -0.246775
13.2  0.642826   -0.261699
13.3  0.616026   -0.273879
13.4  0.588131   -0.283634
13.5  0.559369   -0.291302
13.6  0.52993   -0.297214
13.7  0.499974   -0.301682
13.8  0.469632   -0.304988
13.9  0.439007   -0.307378
14  0.40818   -0.309063
14.1  0.377212   -0.310218
14.2  0.346149   -0.310984
14.3  0.315024   -0.311473
14.4  0.283861   -0.311772
14.5  0.252674   -0.311945
14.6  0.221475   -0.312038
14.7  0.190268   -0.312084
14.8  0.159059   -0.312105
14.9  0.127848   -0.312113
15  0.0966362   -0.312115
15.1  0.0654247   -0.312116
15.2  0.0342131   -0.312116
15.3  0.00300158   -0.312116
15.4  -0.02821   -0.312116
15.5  -0.0594215   -0.312116
15.6  -0.0906331   -0.312115
15.7  -0.121845   -0.312113
15.8  -0.153056   -0.312107
15.9  -0.184266   -0.31209
16  -0.215473   -0.31205
16.1  -0.246674   -0.311968
16.2  -0.277864   -0.311813
16.3  -0.309033   -0.311543
16.4  -0.340167   -0.311096
16.5  -0.371244   -0.310391
16.6  -0.402233   -0.309321
16.7  -0.433091   -0.307751
16.8  -0.463761   -0.305511
16.9  -0.494165   -0.3024
17  -0.524204   -0.298176
17.1  -0.553754   -0.292565
17.2  -0.58266   -0.28526
17.3  -0.610738   -0.275933
17.4  -0.637768   -0.264245
17.5  -0.663498   -0.249872
17.6  -0.687643   -0.232527
17.7  -0.709897   -0.211993
17.8  -0.729932   -0.18816
17.9  -0.747419   -0.161055
18  -0.76204   -0.130875
18.1  -0.773504   -0.0979961
18.2  -0.781567   -0.0629726
18.3  -0.78605   -0.0265132
18.4  -0.786849   0.0105645
18.5  -0.783946   0.0473948
18.6  -0.777407   0.0831314
18.7  -0.767381   0.117012
18.8  -0.754087   0.148412
18.9  -0.737797   0.176876
19  -0.71882   0.202131
19.1  -0.697481   0.22408
19.2  -0.674112   0.242778
19.3  -0.649028   0.2584
19.4  -0.622526   0.271206
19.5  -0.594871   0.281509
19.6  -0.566296   0.289644
19.7  -0.537003   0.295946
19.8  -0.507158   0.300732
19.9  -0.476897   0.304291
20  -0.446332   0.306879
20.1  -0.415547   0.308715
20.2  -0.384608   0.309982
20.3  -0.353564   0.31083
20.4  -0.322452   0.311376
20.5  -0.291296   0.311714
20.6  -0.260114   0.311912
20.7  -0.228916   0.312021
20.8  -0.197711   0.312076
20.9  -0.166502   0.312101
21  -0.135292   0.312111
21.1  -0.10408   0.312115
21.2  -0.0728687   0.312115
21.3  -0.0416571   0.312115
21.4  -0.0104456   0.312115
21.5  0.0207659   0.312115
21.6  0.0519775   0.312115
21.7  0.083189   0.312115
21.8  0.1144   0.312114
21.9  0.145612   0.312109
22  0.176822   0.312095
22.1  0.20803   0.312062
22.2  0.239233   0.311992
22.3  0.270426   0.311858
22.4  0.301601   0.311621
22.5  0.332745   0.311223
22.6  0.363838   0.310588
22.7  0.394852   0.309616
22.8  0.425746   0.308179
22.9  0.456467   0.306116
23  0.486942   0.303233
23.1  0.517078   0.299298
23.2  0.546758   0.294045
23.3  0.575833   0.287174
23.4  0.604128   0.278359
23.5  0.631429   0.267265
23.6  0.657494   0.25356
23.7  0.682044   0.236947
23.8  0.704778   0.217188
23.9  0.725372   0.194145
24  0.743497   0.167809
24.1  0.758829   0.138336
24.2  0.77107   0.106056
24.3  0.779964   0.0714852
24.4  0.785313   0.0352973
24.5  0.786996   -0.00171082
24.6  0.784972   -0.0386788
24.7  0.77929   -0.0747496
24.8  0.770079   -0.109136
24.9  0.757541   -0.141175
25  0.741939   -0.170371
25.1  0.723573   -0.196407
25.2  0.702767   -0.219145
25.3  0.679853   -0.238606
25.4  0.655151   -0.254941
25.5  0.628961   -0.268391
25.6  0.601559   -0.279261
25.7  0.573184   -0.287883
25.8  0.544046   -0.294592
25.9  0.514319   -0.299712
26  0.484146   -0.303539
26.1  0.453645   -0.306337
26.2  0.422906   -0.308335
26.3  0.391998   -0.309723
26.4  0.360976   -0.310659
26.5  0.329877   -0.311268
26.6  0.29873   -0.311648
26.7  0.267553   -0.311874
26.8  0.236359   -0.312001
26.9  0.205155   -0.312066
27  0.173946   -0.312097
27.1  0.142736   -0.31211
27.2  0.111525   -0.312114
27.3  0.0803133   -0.312115
27.4  0.0491018   -0.312115
27.5  0.0178902   -0.312115
27.6  -0.0133213   -0.312115
27.7  -0.0445328   -0.312115
27.8  -0.0757443   -0.312115
27.9  -0.106956   -0.312114
28  -0.138167   -0.312111
28.1  -0.169378   -0.3121
28.2  -0.200587   -0.312072
28.3  -0.231791   -0.312013
28.4  -0.262987   -0.311898
28.5  -0.294168   -0.311689
28.6  -0.32532   -0.311336
28.7  -0.356428   -0.310766
28.8  -0.387463   -0.309885
28.9  -0.41839   -0.308572
29  -0.449158   -0.306675
29.1  -0.4797   -0.304007
29.2  -0.509927   -0.300346
29.3  -0.539727   -0.295433
29.4  -0.568962   -0.288976
29.5  -0.59746   -0.280656
29.6  -0.62502   -0.270136
29.7  -0.651403   -0.257083
29.8  -0.676341   -0.241188
29.9  -0.699537   -0.222196
30  -0.720672   -0.199942
30.1  -0.739415   -0.174385
30.2  -0.755442   -0.145636
30.3  -0.768445   -0.113986
30.4  -0.778158   -0.079906
30.5  -0.784367   -0.0440351
30.6  -0.786931   -0.00714588
30.7  -0.78579   0.0299108
30.8  -0.780972   0.0662707
30.9  -0.772586   0.101124
31  -0.760821   0.133775
31.1  -0.745923   0.163685
31.2  -0.728187   0.190493
31.3  -0.707934   0.214021
31.4  -0.685493   0.234255
31.5  -0.661189   0.251316
31.6  -0.635328   0.265429
31.7  -0.608192   0.276885
31.8  -0.580029   0.286012
31.9  -0.551056   0.293148
32  -0.521455   0.298618
32.1  -0.491377   0.302728
32.2  -0.460945   0.30575
32.3  -0.430256   0.30792
32.4  -0.399383   0.309438
32.5  -0.368384   0.310469
32.6  -0.337301   0.311146
32.7  -0.306163   0.311574
32.8  -0.274992   0.311831
32.9  -0.243801   0.311977
33  -0.212599   0.312054
33.1  -0.181391   0.312092
33.2  -0.150181   0.312108
33.3  -0.11897   0.312113
33.4  -0.0877585   0.312115
33.5  -0.056547   0.312115
33.6  -0.0253355   0.312115
33.7  0.00587603   0.312115
33.8  0.0370875   0.312115
33.9  0.068299   0.312115
34  0.0995105   0.312114
34.1  0.130722   0.312112
34.2  0.161933   0.312103
34.3  0.193142   0.312081
34.4  0.224348   0.312031
34.5  0.255547   0.311932
34.6  0.286732   0.31175
34.7  0.317892   0.311437
34.8  0.349012   0.310926
34.9  0.380068   0.310129
35  0.411025   0.308932
