0  0.787   0
0.1  0.784008   -0.0597278
0.2  0.775099   -0.118109
0.3  0.760473   -0.173885
0.4  0.740446   -0.225971
0.5  0.715431   -0.273507
0.6  0.685916   -0.315901
0.7  0.652434   -0.352832
0.8  0.615534   -0.38424
0.9  0.575765   -0.410292
1  0.533643   -0.431335
1.1  0.489648   -0.447854
1.2  0.444205   -0.460413
1.3  0.397678   -0.46962
1.4  0.350372   -0.476085
1.5  0.302533   -0.480388
1.6  0.254349   -0.483064
1.7  0.205958   -0.48458
1.8  0.157458   -0.485331
1.9  0.108907   -0.485632
2  0.0603388   -0.485712
2.1  0.0117669   -0.485721
2.2  -0.0368052   -0.48572
2.3  -0.0853761   -0.485687
2.4  -0.133938   -0.485517
2.5  -0.182469   -0.485018
2.6  -0.230922   -0.483917
2.7  -0.27922   -0.481857
2.8  -0.327247   -0.478405
2.9  -0.374838   -0.473058
3  -0.421777   -0.465255
3.1  -0.467787   -0.454396
3.2  -0.512534   -0.43987
3.3  -0.555619   -0.421086
3.4  -0.596591   -0.397514
3.5  -0.634948   -0.368734
3.6  -0.670155   -0.334486
3.7  -0.701661   -0.294716
3.8  -0.72892   -0.249614
3.9  -0.751421   -0.199641
4  -0.76871   -0.14553
4.1  -0.780421   -0.0882631
4.2  -0.786296   -0.0290233
4.3  -0.786204   0.0308748
4.4  -0.780145   0.0900728
4.5  -0.768256   0.147259
4.6  -0.7508   0.201255
4.7  -0.728144   0.251087
4.8  -0.700746   0.296029
4.9  -0.669117   0.33563
5  -0.633804   0.369706
5.1  -0.595358   0.39832
5.2  -0.554314   0.421737
5.3  -0.51117   0.440381
5.4  -0.466379   0.454784
5.5  -0.420335   0.465539
5.6  -0.373373   0.473257
5.7  -0.325765   0.478538
5.8  -0.277728   0.481939
5.9  -0.229423   0.483963
6  -0.180967   0.485041
6.1  -0.132435   0.485526
6.2  -0.083872   0.485689
6.3  -0.0353011   0.485719
6.4  0.013271   0.48572
6.5  0.0618428   0.485711
6.6  0.110411   0.485626
6.7  0.158961   0.485316
6.8  0.207459   0.484546
6.9  0.255844   0.483
7  0.30402   0.480282
7.1  0.351846   0.475919
7.2  0.399131   0.469379
7.3  0.44563   0.460077
7.4  0.491034   0.447404
7.5  0.534978   0.430754
7.6  0.577034   0.409562
7.7  0.616723   0.383349
7.8  0.653524   0.351771
7.9  0.686892   0.314669
8  0.716276   0.27211
8.1  0.741143   0.224423
8.2  0.761009   0.172209
8.3  0.775462   0.116334
8.4  0.78419   0.0578921
8.5  0.786997   -0.00185607
8.6  0.78382   -0.061562
8.7  0.774731   -0.11988
8.8  0.759932   -0.175558
8.9  0.739744   -0.227514
9  0.714582   -0.274899
9.1  0.684936   -0.317126
9.2  0.651339   -0.353886
9.3  0.614343   -0.385125
9.4  0.574493   -0.411015
9.5  0.532307   -0.431911
9.6  0.488261   -0.448298
9.7  0.442779   -0.460745
9.8  0.396224   -0.469858
9.9  0.348898   -0.476247
10  0.301046   -0.480492
10.1  0.252853   -0.483125
10.2  0.204459   -0.484613
10.3  0.155956   -0.485346
10.4  0.107404   -0.485636
10.5  0.0588356   -0.485713
10.6  0.0102638   -0.48572
10.7  -0.0383082   -0.485719
10.8  -0.086879   -0.485684
10.9  -0.13544   -0.485507
11  -0.183969   -0.484994
11.1  -0.232419   -0.483869
11.2  -0.280711   -0.481773
11.3  -0.328727   -0.47827
11.4  -0.376301   -0.472856
11.5  -0.423216   -0.464967
11.6  -0.469192   -0.454004
11.7  -0.513894   -0.439355
11.8  -0.556921   -0.42043
11.9  -0.597819   -0.396703
12  -0.636087   -0.367757
12.1  -0.671188   -0.333338
12.2  -0.70257   -0.293398
12.3  -0.729689   -0.248138
12.4  -0.752035   -0.198025
12.5  -0.769157   -0.1438
12.6  -0.780691   -0.0864535
12.7  -0.786383   -0.0271733
12.8  -0.786105   0.0327234
12.9  -0.779863   0.0918782
13  -0.767798   0.148983
13.1  -0.750174   0.202863
13.2  -0.727365   0.252553
13.3  -0.699828   0.297335
13.4  -0.668077   0.336766
13.5  -0.632659   0.370672
13.6  -0.594125   0.39912
13.7  -0.553008   0.422382
13.8  -0.509807   0.440886
13.9  -0.464972   0.455168
14  -0.418895   0.465819
14.1  -0.371909   0.473453
14.2  -0.324285   0.478668
14.3  -0.276237   0.48202
14.4  -0.227926   0.484008
14.5  -0.179467   0.485063
14.6  -0.130933   0.485534
14.7  -0.0823701   0.485691
14.8  -0.0337991   0.485719
14.9  0.0147729   0.48572
15  0.0633446   0.48571
15.1  0.111912   0.485621
15.2  0.160461   0.4853
15.3  0.208957   0.484511
15.4  0.257337   0.482936
15.5  0.305505   0.480173
15.6  0.353317   0.475752
15.7  0.400582   0.469135
15.8  0.447051   0.459739
15.9  0.492417   0.446952
16  0.536308   0.430169
16.1  0.578298   0.408829
16.2  0.617906   0.382454
16.3  0.65461   0.350707
16.4  0.687863   0.313434
16.5  0.717114   0.27071
16.6  0.741834   0.222872
16.7  0.761538   0.170531
16.8  0.775818   0.11456
16.9  0.784365   0.056058
17  0.786988   -0.00370918
17.1  0.783626   -0.0633921
17.2  0.774357   -0.121647
17.3  0.759386   -0.177224
17.4  0.739038   -0.22905
17.5  0.71373   -0.276283
17.6  0.683954   -0.318345
17.7  0.650244   -0.354934
17.8  0.613151   -0.386003
17.9  0.573221   -0.411733
18  0.530971   -0.432482
18.1  0.486875   -0.448738
18.2  0.441354   -0.461072
18.3  0.394771   -0.470092
18.4  0.347426   -0.476407
18.5  0.29956   -0.480595
18.6  0.25136   -0.483186
18.7  0.202961   -0.484644
18.8  0.154456   -0.485359
18.9  0.105904   -0.48564
19  0.0573349   -0.485713
19.1  0.00876304   -0.48572
19.2  -0.0398089   -0.485718
19.3  -0.0883795   -0.485681
19.4  -0.13694   -0.485497
19.5  -0.185468   -0.48497
19.6  -0.233914   -0.483821
19.7  -0.282199   -0.481688
19.8  -0.330204   -0.478134
19.9  -0.377762   -0.472652
20  -0.424651   -0.464677
20.1  -0.470594   -0.45361
20.2  -0.51525   -0.438837
20.3  -0.558218   -0.419771
20.4  -0.599043   -0.395888
20.5  -0.637221   -0.366776
20.6  -0.672215   -0.332186
20.7  -0.703474   -0.292078
20.8  -0.730453   -0.246659
20.9  -0.752644   -0.196407
21  -0.769598   -0.14207
21.1  -0.780955   -0.0846449
21.2  -0.786463   -0.0253256
21.3  -0.786   0.0345684
21.4  -0.779576   0.0936789
21.5  -0.767334   0.1507
21.6  -0.749545   0.204465
21.7  -0.726583   0.254012
21.8  -0.698907   0.298634
21.9  -0.667035   0.337896
22  -0.631513   0.37163
22.1  -0.592891   0.399913
22.2  -0.551703   0.423021
22.3  -0.508445   0.441387
22.4  -0.463566   0.455547
22.5  -0.417456   0.466096
22.6  -0.370446   0.473647
22.7  -0.322807   0.478796
22.8  -0.274749   0.482098
22.9  -0.226432   0.484052
23  -0.177969   0.485084
23.1  -0.129434   0.485542
23.2  -0.0808706   0.485692
23.3  -0.0322995   0.485719
23.4  0.0162724   0.485719
23.5  0.0648441   0.485708
23.6  0.113411   0.485615
23.7  0.161959   0.485284
23.8  0.210452   0.484476
23.9  0.258828   0.48287
24  0.306986   0.480064
24.1  0.354785   0.475583
24.2  0.402029   0.46889
24.3  0.44847   0.459397
24.4  0.493795   0.446496
24.5  0.537635   0.429581
24.6  0.579559   0.408092
24.7  0.619085   0.381556
24.8  0.65569   0.349639
24.9  0.688828   0.312195
25  0.717947   0.269307
25.1  0.742519   0.22132
25.2  0.762061   0.168853
25.3  0.776169   0.112786
25.4  0.784535   0.0542255
25.5  0.786973   -0.00555931
25.6  0.783427   -0.0652178
25.7  0.773978   -0.123408
25.8  0.758836   -0.178884
25.9  0.738328   -0.23058
26  0.712875   -0.27766
26.1  0.682969   -0.319556
26.2  0.649147   -0.355974
26.3  0.611959   -0.386875
26.4  0.57195   -0.412445
26.5  0.529636   -0.433048
26.6  0.485489   -0.449174
26.7  0.439931   -0.461397
26.8  0.39332   -0.470324
26.9  0.345956   -0.476564
27  0.298077   -0.480695
27.1  0.249869   -0.483245
27.2  0.201466   -0.484675
27.3  0.152959   -0.485372
27.4  0.104405   -0.485644
27.5  0.0558364   -0.485713
27.6  0.00726465   -0.485719
27.7  -0.0413072   -0.485717
27.8  -0.0898777   -0.485678
27.9  -0.138438   -0.485486
28  -0.186963   -0.484945
28.1  -0.235406   -0.483771
28.2  -0.283685   -0.481601
28.3  -0.331678   -0.477996
28.4  -0.379219   -0.472445
28.5  -0.426084   -0.464385
28.6  -0.471992   -0.453212
28.7  -0.516602   -0.438316
28.8  -0.559511   -0.419109
28.9  -0.600262   -0.395069
29  -0.63835   -0.365791
29.1  -0.673237   -0.331031
29.2  -0.704372   -0.290754
29.3  -0.731211   -0.245178
29.4  -0.753247   -0.194787
29.5  -0.770033   -0.140339
29.6  -0.781212   -0.0828373
29.7  -0.786538   -0.0234803
29.8  -0.785891   0.0364098
29.9  -0.779284   0.0954747
30  -0.766867   0.152412
30.1  -0.748911   0.20606
30.2  -0.725797   0.255464
30.3  -0.697984   0.299926
30.4  -0.665991   0.339018
30.5  -0.630365   0.372583
30.6  -0.591656   0.400701
30.7  -0.550397   0.423655
30.8  -0.507083   0.441883
30.9  -0.46216   0.455923
31  -0.416018   0.46637
31.1  -0.368986   0.473838
31.2  -0.32133   0.478922
31.3  -0.273262   0.482176
31.4  -0.224939   0.484095
31.5  -0.176473   0.485104
31.6  -0.127937   0.485549
31.7  -0.0793734   0.485694
31.8  -0.0308023   0.485718
31.9  0.0177696   0.485719
32  0.0663412   0.485707
32.1  0.114908   0.485608
32.2  0.163455   0.485267
32.3  0.211945   0.48444
32.4  0.260316   0.482803
32.5  0.308466   0.479953
32.6  0.35625   0.475412
32.7  0.403474   0.468641
32.8  0.449885   0.459053
32.9  0.49517   0.446037
33  0.538958   0.428989
33.1  0.580815   0.407351
33.2  0.620259   0.380653
33.3  0.656766   0.348568
33.4  0.689788   0.310953
33.5  0.718774   0.267902
33.6  0.743198   0.219766
33.7  0.762579   0.167173
33.8  0.776513   0.111012
33.9  0.784699   0.0523948
34  0.786952   -0.00740641
34.1  0.783223   -0.0670393
34.2  0.773595   -0.125163
34.3  0.758282   -0.180538
34.4  0.737615   -0.232103
34.5  0.712017   -0.27903
34.6  0.681982   -0.320761
34.7  0.648048   -0.357008
34.8  0.610765   -0.387741
34.9  0.570678   -0.413151
35  0.5283   -0.433608
