0  0.787   0
0.01  0.786951   -0.0098074
0.02  0.786804   -0.0196136
0.03  0.786559   -0.0294173
0.04  0.786216   -0.0392174
0.05  0.785774   -0.0490125
0.06  0.785235   -0.0588016
0.07  0.784598   -0.0685833
0.08  0.783864   -0.0783565
0.09  0.783031   -0.08812
0.1  0.782101   -0.0978724
0.11  0.781074   -0.107613
0.12  0.779949   -0.11734
0.13  0.778727   -0.127052
0.14  0.777408   -0.136748
0.15  0.775992   -0.146427
0.16  0.77448   -0.156089
0.17  0.772871   -0.16573
0.18  0.771165   -0.175351
0.19  0.769364   -0.18495
0.2  0.767466   -0.194526
0.21  0.765473   -0.204078
0.22  0.763385   -0.213605
0.23  0.761201   -0.223104
0.24  0.758923   -0.232576
0.25  0.75655   -0.242019
0.26  0.754082   -0.251432
0.27  0.751521   -0.260814
0.28  0.748866   -0.270163
0.29  0.746118   -0.279478
0.3  0.743277   -0.288759
0.31  0.740343   -0.298003
0.32  0.737317   -0.307211
0.33  0.734199   -0.31638
0.34  0.730989   -0.325509
0.35  0.727689   -0.334599
0.36  0.724298   -0.343646
0.37  0.720816   -0.352651
0.38  0.717245   -0.361611
0.39  0.713584   -0.370527
0.4  0.709834   -0.379396
0.41  0.705996   -0.388218
0.42  0.70207   -0.396992
0.43  0.698056   -0.405716
0.44  0.693956   -0.41439
0.45  0.689769   -0.423012
0.46  0.685496   -0.431582
0.47  0.681137   -0.440097
0.48  0.676694   -0.448558
0.49  0.672166   -0.456963
0.5  0.667555   -0.465311
0.51  0.66286   -0.473601
0.52  0.658083   -0.481831
0.53  0.653224   -0.490002
0.54  0.648283   -0.498112
0.55  0.643262   -0.50616
0.56  0.63816   -0.514144
0.57  0.632979   -0.522065
0.58  0.627719   -0.52992
0.59  0.622381   -0.53771
0.6  0.616965   -0.545432
0.61  0.611473   -0.553087
0.62  0.605904   -0.560672
0.63  0.600259   -0.568188
0.64  0.59454   -0.575633
0.65  0.588747   -0.583006
0.66  0.58288   -0.590307
0.67  0.576941   -0.597534
0.68  0.57093   -0.604686
0.69  0.564848   -0.611763
0.7  0.558695   -0.618764
0.71  0.552473   -0.625688
0.72  0.546181   -0.632534
0.73  0.539822   -0.639301
0.74  0.533396   -0.645988
0.75  0.526903   -0.652595
0.76  0.520344   -0.65912
0.77  0.513721   -0.665563
0.78  0.507033   -0.671924
0.79  0.500282   -0.6782
0.8  0.493469   -0.684393
0.81  0.486595   -0.690499
0.82  0.47966   -0.69652
0.83  0.472665   -0.702454
0.84  0.465611   -0.708301
0.85  0.458499   -0.714059
0.86  0.45133   -0.719728
0.87  0.444105   -0.725308
0.88  0.436824   -0.730797
0.89  0.429489   -0.736195
0.9  0.422101   -0.741501
0.91  0.414659   -0.746715
0.92  0.407167   -0.751836
0.93  0.399623   -0.756863
0.94  0.39203   -0.761796
0.95  0.384387   -0.766634
0.96  0.376697   -0.771376
0.97  0.36896   -0.776022
0.98  0.361177   -0.780572
0.99  0.353349   -0.785024
1  0.345477   -0.789379
1.01  0.337562   -0.793635
1.02  0.329605   -0.797792
1.03  0.321606   -0.80185
1.04  0.313568   -0.805807
1.05  0.305491   -0.809665
1.06  0.297375   -0.813421
1.07  0.289222   -0.817076
1.08  0.281034   -0.82063
1.09  0.27281   -0.824081
1.1  0.264553   -0.827429
1.11  0.256262   -0.830674
1.12  0.247939   -0.833816
1.13  0.239586   -0.836854
1.14  0.231203   -0.839787
1.15  0.222791   -0.842616
1.16  0.214351   -0.84534
1.17  0.205884   -0.847959
1.18  0.197392   -0.850471
1.19  0.188875   -0.852878
1.2  0.180335   -0.855179
1.21  0.171772   -0.857373
1.22  0.163188   -0.85946
1.23  0.154583   -0.86144
1.24  0.145959   -0.863313
1.25  0.137317   -0.865078
1.26  0.128658   -0.866735
1.27  0.119983   -0.868284
1.28  0.111293   -0.869726
1.29  0.102589   -0.871058
1.3  0.0938718   -0.872282
1.31  0.0851433   -0.873398
1.32  0.0764042   -0.874404
1.33  0.0676556   -0.875302
1.34  0.0588985   -0.876091
1.35  0.0501342   -0.87677
1.36  0.0413635   -0.87734
1.37  0.0325877   -0.877801
1.38  0.0238079   -0.878152
1.39  0.015025   -0.878394
1.4  0.00624033   -0.878527
1.41  -0.00254514   -0.87855
1.42  -0.0113303   -0.878463
1.43  -0.020114   -0.878268
1.44  -0.0288953   -0.877962
1.45  -0.0376729   -0.877547
1.46  -0.0464459   -0.877023
1.47  -0.055213   -0.87639
1.48  -0.0639733   -0.875647
1.49  -0.0727256   -0.874795
1.5  -0.0814688   -0.873835
1.51  -0.0902019   -0.872765
1.52  -0.0989238   -0.871586
1.53  -0.107633   -0.870299
1.54  -0.116329   -0.868904
1.55  -0.125011   -0.8674
1.56  -0.133677   -0.865788
1.57  -0.142326   -0.864068
1.58  -0.150958   -0.862241
1.59  -0.159571   -0.860306
1.6  -0.168164   -0.858264
1.61  -0.176736   -0.856115
1.62  -0.185286   -0.853859
1.63  -0.193813   -0.851497
1.64  -0.202315   -0.849028
1.65  -0.210793   -0.846454
1.66  -0.219244   -0.843775
1.67  -0.227668   -0.84099
1.68  -0.236064   -0.8381
1.69  -0.24443   -0.835106
1.7  -0.252765   -0.832008
1.71  -0.261069   -0.828807
1.72  -0.269341   -0.825502
1.73  -0.277579   -0.822094
1.74  -0.285783   -0.818583
1.75  -0.29395   -0.814971
1.76  -0.302082   -0.811257
1.77  -0.310175   -0.807442
1.78  -0.31823   -0.803526
1.79  -0.326245   -0.799511
1.8  -0.33422   -0.795395
1.81  -0.342153   -0.791181
1.82  -0.350043   -0.786868
1.83  -0.35789   -0.782456
1.84  -0.365692   -0.777948
1.85  -0.373449   -0.773342
1.86  -0.381159   -0.76864
1.87  -0.388821   -0.763842
1.88  -0.396435   -0.758949
1.89  -0.404   -0.753962
1.9  -0.411514   -0.74888
1.91  -0.418977   -0.743705
1.92  -0.426388   -0.738438
1.93  -0.433746   -0.733078
1.94  -0.441049   -0.727627
1.95  -0.448298   -0.722086
1.96  -0.455491   -0.716454
1.97  -0.462627   -0.710733
1.98  -0.469705   -0.704924
1.99  -0.476725   -0.699027
2  -0.483685   -0.693042
2.01  -0.490585   -0.686972
2.02  -0.497424   -0.680815
2.03  -0.504201   -0.674574
2.04  -0.510916   -0.668249
2.05  -0.517566   -0.66184
2.06  -0.524152   -0.655349
2.07  -0.530673   -0.648777
2.08  -0.537127   -0.642123
2.09  -0.543515   -0.635389
2.1  -0.549835   -0.628577
2.11  -0.556086   -0.621686
2.12  -0.562268   -0.614717
2.13  -0.56838   -0.607672
2.14  -0.574422   -0.600551
2.15  -0.580391   -0.593355
2.16  -0.586288   -0.586086
2.17  -0.592113   -0.578743
2.18  -0.597863   -0.571328
2.19  -0.603539   -0.563842
2.2  -0.60914   -0.556286
2.21  -0.614664   -0.54866
2.22  -0.620113   -0.540966
2.23  -0.625484   -0.533205
2.24  -0.630776   -0.525377
2.25  -0.635991   -0.517484
2.26  -0.641126   -0.509526
2.27  -0.646181   -0.501505
2.28  -0.651156   -0.493421
2.29  -0.656049   -0.485276
2.3  -0.660861   -0.47707
2.31  -0.665591   -0.468805
2.32  -0.670237   -0.460481
2.33  -0.6748   -0.4521
2.34  -0.679279   -0.443663
2.35  -0.683673   -0.43517
2.36  -0.687982   -0.426623
2.37  -0.692205   -0.418023
2.38  -0.696342   -0.409371
2.39  -0.700393   -0.400668
2.4  -0.704356   -0.391915
2.41  -0.708231   -0.383113
2.42  -0.712018   -0.374263
2.43  -0.715716   -0.365367
2.44  -0.719325   -0.356425
2.45  -0.722844   -0.347439
2.46  -0.726273   -0.338409
2.47  -0.729612   -0.329337
2.48  -0.73286   -0.320225
2.49  -0.736017   -0.311072
2.5  -0.739081   -0.301881
2.51  -0.742054   -0.292651
2.52  -0.744934   -0.283386
2.53  -0.747722   -0.274085
2.54  -0.750416   -0.26475
2.55  -0.753017   -0.255382
2.56  -0.755523   -0.245982
2.57  -0.757936   -0.236552
2.58  -0.760254   -0.227092
2.59  -0.762478   -0.217604
2.6  -0.764606   -0.208088
2.61  -0.76664   -0.198547
2.62  -0.768577   -0.188981
2.63  -0.770419   -0.179391
2.64  -0.772165   -0.169779
2.65  -0.773815   -0.160146
2.66  -0.775368   -0.150493
2.67  -0.776824   -0.140821
2.68  -0.778184   -0.131132
2.69  -0.779447   -0.121426
2.7  -0.780613   -0.111706
2.71  -0.781681   -0.101971
2.72  -0.782652   -0.0922233
2.73  -0.783525   -0.0824643
2.74  -0.784301   -0.0726951
2.75  -0.784979   -0.0629168
2.76  -0.78556   -0.0531307
2.77  -0.786042   -0.0433379
2.78  -0.786426   -0.0335398
2.79  -0.786713   -0.0237374
2.8  -0.786901   -0.0139321
2.81  -0.786991   -0.00412512
2.82  -0.786984   0.00568243
2.83  -0.786878   0.0154893
2.84  -0.786674   0.0252942
2.85  -0.786372   0.0350959
2.86  -0.785972   0.0448933
2.87  -0.785474   0.0546851
2.88  -0.784878   0.0644701
2.89  -0.784185   0.074247
2.9  -0.783393   0.0840147
2.91  -0.782504   0.0937719
2.92  -0.781518   0.103517
2.93  -0.780434   0.11325
2.94  -0.779253   0.122969
2.95  -0.777975   0.132672
2.96  -0.7766   0.142358
2.97  -0.775128   0.152027
2.98  -0.773559   0.161677
2.99  -0.771894   0.171307
3  -0.770133   0.180916
3.01  -0.768276   0.190502
3.02  -0.766323   0.200064
3.03  -0.764275   0.209601
3.04  -0.762131   0.219112
3.05  -0.759893   0.228596
3.06  -0.757559   0.238051
3.07  -0.755132   0.247477
3.08  -0.75261   0.256872
3.09  -0.749994   0.266235
3.1  -0.747285   0.275564
3.11  -0.744483   0.28486
3.12  -0.741588   0.294119
3.13  -0.738601   0.303343
3.14  -0.735521   0.312528
3.15  -0.73235   0.321674
3.16  -0.729088   0.330781
3.17  -0.725735   0.339846
3.18  -0.722291   0.348869
3.19  -0.718758   0.357848
3.2  -0.715135   0.366782
3.21  -0.711422   0.375671
3.22  -0.707621   0.384514
3.23  -0.703732   0.393308
3.24  -0.699755   0.402053
3.25  -0.695691   0.410748
3.26  -0.69154   0.419392
3.27  -0.687304   0.427984
3.28  -0.682981   0.436522
3.29  -0.678573   0.445006
3.3  -0.674081   0.453435
3.31  -0.669505   0.461807
3.32  -0.664845   0.470121
3.33  -0.660103   0.478377
3.34  -0.655278   0.486573
3.35  -0.650371   0.494709
3.36  -0.645384   0.502783
3.37  -0.640316   0.510794
3.38  -0.635168   0.518741
3.39  -0.629941   0.526624
3.4  -0.624636   0.534442
3.41  -0.619253   0.542193
3.42  -0.613792   0.549876
3.43  -0.608255   0.55749
3.44  -0.602643   0.565036
3.45  -0.596955   0.57251
3.46  -0.591193   0.579914
3.47  -0.585357   0.587245
3.48  -0.579448   0.594503
3.49  -0.573467   0.601687
3.5  -0.567415   0.608796
3.51  -0.561291   0.615829
3.52  -0.555098   0.622785
3.53  -0.548836   0.629664
3.54  -0.542505   0.636464
3.55  -0.536107   0.643185
3.56  -0.529642   0.649826
3.57  -0.523111   0.656385
3.58  -0.516514   0.662863
3.59  -0.509854   0.669259
3.6  -0.503129   0.675571
3.61  -0.496343   0.681798
3.62  -0.489494   0.687941
3.63  -0.482584   0.693998
3.64  -0.475614   0.699969
3.65  -0.468585   0.705852
3.66  -0.461497   0.711648
3.67  -0.454352   0.717354
3.68  -0.447151   0.722972
3.69  -0.439893   0.728499
3.7  -0.432581   0.733935
3.71  -0.425215   0.73928
3.72  -0.417796   0.744533
3.73  -0.410324   0.749693
3.74  -0.402802   0.75476
3.75  -0.395229   0.759733
3.76  -0.387608   0.76461
3.77  -0.379938   0.769393
3.78  -0.37222   0.77408
3.79  -0.364456   0.77867
3.8  -0.356647   0.783163
3.81  -0.348793   0.787559
3.82  -0.340896   0.791857
3.83  -0.332957   0.796055
3.84  -0.324975   0.800155
3.85  -0.316954   0.804155
3.86  -0.308893   0.808055
3.87  -0.300793   0.811854
3.88  -0.292656   0.815551
3.89  -0.284482   0.819148
3.9  -0.276273   0.822642
3.91  -0.26803   0.826033
3.92  -0.259753   0.829322
3.93  -0.251444   0.832507
3.94  -0.243103   0.835589
3.95  -0.234732   0.838566
3.96  -0.226332   0.841439
3.97  -0.217904   0.844207
3.98  -0.209448   0.84687
3.99  -0.200967   0.849427
4  -0.19246   0.851879
4.01  -0.18393   0.854224
4.02  -0.175376   0.856463
4.03  -0.166801   0.858595
4.04  -0.158205   0.86062
4.05  -0.149589   0.862538
4.06  -0.140954   0.864349
4.07  -0.132302   0.866051
4.08  -0.123633   0.867646
4.09  -0.114949   0.869133
4.1  -0.106251   0.870511
4.11  -0.0975396   0.871781
4.12  -0.0888159   0.872942
4.13  -0.0800812   0.873994
4.14  -0.0713364   0.874938
4.15  -0.0625828   0.875772
4.16  -0.0538213   0.876498
4.17  -0.0450532   0.877114
4.18  -0.0362794   0.877621
4.19  -0.0275011   0.878018
4.2  -0.0187194   0.878306
4.21  -0.00993538   0.878484
4.22  -0.0011501   0.878554
4.23  0.00763532   0.878513
4.24  0.0164198   0.878363
4.25  0.0252022   0.878104
4.26  0.0339815   0.877735
4.27  0.0427566   0.877257
4.28  0.0515263   0.87667
4.29  0.0602896   0.875973
4.3  0.0690454   0.875167
4.31  0.0777926   0.874252
4.32  0.0865301   0.873228
4.33  0.0952568   0.872095
4.34  0.103972   0.870854
4.35  0.112673   0.869504
4.36  0.121361   0.868046
4.37  0.130034   0.866479
4.38  0.138691   0.864805
4.39  0.14733   0.863023
4.4  0.155951   0.861133
4.41  0.164552   0.859136
4.42  0.173133   0.857032
4.43  0.181692   0.854821
4.44  0.190229   0.852503
4.45  0.198742   0.850079
4.46  0.20723   0.84755
4.47  0.215693   0.844915
4.48  0.224128   0.842174
4.49  0.232536   0.839329
4.5  0.240914   0.836378
4.51  0.249263   0.833324
4.52  0.257581   0.830166
4.53  0.265866   0.826904
4.54  0.274118   0.82354
4.55  0.282336   0.820072
4.56  0.290519   0.816503
4.57  0.298666   0.812832
4.58  0.306776   0.809059
4.59  0.314847   0.805186
4.6  0.322879   0.801212
4.61  0.330871   0.797138
4.62  0.338822   0.792965
4.63  0.34673   0.788694
4.64  0.354595   0.784324
4.65  0.362416   0.779856
4.66  0.370192   0.775291
4.67  0.377922   0.770629
4.68  0.385604   0.765872
4.69  0.393239   0.761019
4.7  0.400824   0.756071
4.71  0.40836   0.751029
4.72  0.415844   0.745893
4.73  0.423277   0.740665
4.74  0.430657   0.735344
4.75  0.437984   0.729931
4.76  0.445256   0.724428
4.77  0.452472   0.718834
4.78  0.459632   0.71315
4.79  0.466735   0.707378
4.8  0.473779   0.701518
4.81  0.480765   0.69557
4.82  0.487691   0.689535
4.83  0.494555   0.683415
4.84  0.501359   0.677209
4.85  0.508099   0.670919
4.86  0.514777   0.664546
4.87  0.52139   0.658089
4.88  0.527938   0.651551
4.89  0.534421   0.644931
4.9  0.540837   0.638231
4.91  0.547185   0.631452
4.92  0.553465   0.624594
4.93  0.559677   0.617657
4.94  0.565818   0.610644
4.95  0.571889   0.603555
4.96  0.577889   0.596391
4.97  0.583817   0.589152
4.98  0.589672   0.58184
4.99  0.595453   0.574456
5  0.601161   0.566999
5.01  0.606793   0.559473
5.02  0.61235   0.551876
5.03  0.61783   0.544211
5.04  0.623234   0.536478
5.05  0.62856   0.528678
5.06  0.633807   0.520812
5.07  0.638976   0.512881
5.08  0.644065   0.504886
5.09  0.649073   0.496828
5.1  0.654001   0.488709
5.11  0.658847   0.480528
5.12  0.663611   0.472288
5.13  0.668293   0.463989
5.14  0.672891   0.455632
5.15  0.677405   0.447218
5.16  0.681835   0.438749
5.17  0.68618   0.430224
5.18  0.690439   0.421647
5.19  0.694613   0.413016
5.2  0.6987   0.404334
5.21  0.702699   0.395602
5.22  0.706612   0.386821
5.23  0.710436   0.377991
5.24  0.714171   0.369114
5.25  0.717818   0.360191
5.26  0.721375   0.351224
5.27  0.724842   0.342212
5.28  0.728219   0.333158
5.29  0.731505   0.324062
5.3  0.7347   0.314926
5.31  0.737803   0.305751
5.32  0.740815   0.296538
5.33  0.743734   0.287287
5.34  0.746561   0.278001
5.35  0.749294   0.268681
5.36  0.751934   0.259326
5.37  0.75448   0.24994
5.38  0.756933   0.240522
5.39  0.759291   0.231074
5.4  0.761554   0.221598
5.41  0.763723   0.212094
5.42  0.765796   0.202563
5.43  0.767774   0.193007
5.44  0.769656   0.183428
5.45  0.771442   0.173825
5.46  0.773132   0.164201
5.47  0.774726   0.154556
5.48  0.776223   0.144892
5.49  0.777624   0.13521
5.5  0.778928   0.125511
5.51  0.780134   0.115796
5.52  0.781244   0.106067
5.53  0.782255   0.0963246
5.54  0.78317   0.0865703
5.55  0.783987   0.0768053
5.56  0.784706   0.0670307
5.57  0.785327   0.0572477
5.58  0.785851   0.0474575
5.59  0.786277   0.0376615
5.6  0.786604   0.0278608
5.61  0.786834   0.0180566
5.62  0.786965   0.00825014
5.63  0.786999   -0.00155733
5.64  0.786934   -0.0113646
5.65  0.786771   -0.0211705
5.66  0.786511   -0.0309737
5.67  0.786152   -0.0407731
5.68  0.785695   -0.0505674
5.69  0.785141   -0.0603554
5.7  0.784488   -0.0701358
5.71  0.783738   -0.0799075
5.72  0.78289   -0.0896693
5.73  0.781945   -0.0994199
5.74  0.780902   -0.109158
5.75  0.779762   -0.118883
5.76  0.778524   -0.128592
5.77  0.77719   -0.138286
5.78  0.775758   -0.147963
5.79  0.774231   -0.157621
5.8  0.772606   -0.167259
5.81  0.770885   -0.176877
5.82  0.769069   -0.186472
5.83  0.767156   -0.196045
5.84  0.765148   -0.205593
5.85  0.763044   -0.215115
5.86  0.760846   -0.22461
5.87  0.758552   -0.234078
5.88  0.756164   -0.243516
5.89  0.753682   -0.252924
5.9  0.751106   -0.262301
5.91  0.748436   -0.271644
5.92  0.745673   -0.280954
5.93  0.742817   -0.290229
5.94  0.739869   -0.299468
5.95  0.736828   -0.308669
5.96  0.733695   -0.317832
5.97  0.730471   -0.326955
5.98  0.727156   -0.336038
5.99  0.723751   -0.345079
6  0.720255   -0.354076
6.01  0.716669   -0.36303
6.02  0.712994   -0.371938
6.03  0.709231   -0.3808
6.04  0.705379   -0.389615
6.05  0.701439   -0.398381
6.06  0.697411   -0.407097
6.07  0.693297   -0.415763
6.08  0.689096   -0.424377
6.09  0.684809   -0.432937
6.1  0.680438   -0.441444
6.11  0.675981   -0.449896
6.12  0.67144   -0.458292
6.13  0.666815   -0.466631
6.14  0.662107   -0.474912
6.15  0.657317   -0.483133
6.16  0.652445   -0.491294
6.17  0.647491   -0.499394
6.18  0.642457   -0.507432
6.19  0.637343   -0.515406
6.2  0.632149   -0.523317
6.21  0.626877   -0.531162
6.22  0.621526   -0.538941
6.23  0.616098   -0.546652
6.24  0.610593   -0.554296
6.25  0.605013   -0.561871
6.26  0.599356   -0.569375
6.27  0.593625   -0.576809
6.28  0.58782   -0.58417
6.29  0.581942   -0.591459
6.3  0.575991   -0.598674
6.31  0.569969   -0.605815
6.32  0.563875   -0.61288
6.33  0.557712   -0.619869
6.34  0.551478   -0.62678
6.35  0.545176   -0.633613
6.36  0.538806   -0.640368
6.37  0.532369   -0.647042
6.38  0.525866   -0.653636
6.39  0.519297   -0.660149
6.4  0.512663   -0.666579
6.41  0.505965   -0.672926
6.42  0.499205   -0.679189
6.43  0.492382   -0.685368
6.44  0.485498   -0.691461
6.45  0.478553   -0.697468
6.46  0.471549   -0.703388
6.47  0.464485   -0.709221
6.48  0.457364   -0.714965
6.49  0.450186   -0.72062
6.5  0.442952   -0.726185
6.51  0.435663   -0.73166
6.52  0.428319   -0.737043
6.53  0.420922   -0.742335
6.54  0.413473   -0.747534
6.55  0.405972   -0.75264
6.56  0.398421   -0.757653
6.57  0.390819   -0.76257
6.58  0.383169   -0.767393
6.59  0.375472   -0.77212
6.6  0.367727   -0.776751
6.61  0.359937   -0.781285
6.62  0.352102   -0.785722
6.63  0.344223   -0.790061
6.64  0.336301   -0.794301
6.65  0.328337   -0.798443
6.66  0.320333   -0.802485
6.67  0.312288   -0.806427
6.68  0.304204   -0.810268
6.69  0.296083   -0.814008
6.7  0.287925   -0.817647
6.71  0.27973   -0.821185
6.72  0.271501   -0.824619
6.73  0.263238   -0.827951
6.74  0.254943   -0.83118
6.75  0.246615   -0.834305
6.76  0.238257   -0.837327
6.77  0.229869   -0.840244
6.78  0.221452   -0.843056
6.79  0.213008   -0.845763
6.8  0.204537   -0.848365
6.81  0.196041   -0.850861
6.82  0.18752   -0.853251
6.83  0.178976   -0.855534
6.84  0.17041   -0.857711
6.85  0.161823   -0.859782
6.86  0.153215   -0.861745
6.87  0.144588   -0.8636
6.88  0.135943   -0.865348
6.89  0.127281   -0.866988
6.9  0.118604   -0.868521
6.91  0.109911   -0.869944
6.92  0.101205   -0.87126
6.93  0.0924866   -0.872467
6.94  0.0837563   -0.873565
6.95  0.0750157   -0.874554
6.96  0.0662656   -0.875435
6.97  0.0575073   -0.876206
6.98  0.0487419   -0.876868
6.99  0.0399703   -0.877421
7  0.0311938   -0.877864
7.01  0.0224134   -0.878198
7.02  0.0136302   -0.878423
7.03  0.00484532   -0.878538
7.04  -0.00394018   -0.878543
7.05  -0.0127252   -0.87844
7.06  -0.0215086   -0.878226
7.07  -0.0302893   -0.877904
7.08  -0.0390663   -0.877471
7.09  -0.0478384   -0.87693
7.1  -0.0566045   -0.876279
7.11  -0.0653636   -0.875519
7.12  -0.0741146   -0.87465
7.13  -0.0828563   -0.873672
7.14  -0.0915876   -0.872585
7.15  -0.100308   -0.871389
7.16  -0.109015   -0.870085
7.17  -0.117709   -0.868672
7.18  -0.126388   -0.867151
7.19  -0.135052   -0.865522
7.2  -0.143698   -0.863785
7.21  -0.152327   -0.861941
7.22  -0.160937   -0.859989
7.23  -0.169526   -0.85793
7.24  -0.178095   -0.855764
7.25  -0.186641   -0.853491
7.26  -0.195164   -0.851112
7.27  -0.203663   -0.848627
7.28  -0.212137   -0.846036
7.29  -0.220584   -0.84334
7.3  -0.229003   -0.840538
7.31  -0.237394   -0.837632
7.32  -0.245755   -0.834621
7.33  -0.254086   -0.831507
7.34  -0.262385   -0.828289
7.35  -0.270651   -0.824967
7.36  -0.278884   -0.821543
7.37  -0.287082   -0.818017
7.38  -0.295244   -0.814388
7.39  -0.303369   -0.810658
7.4  -0.311457   -0.806827
7.41  -0.319506   -0.802895
7.42  -0.327514   -0.798864
7.43  -0.335483   -0.794733
7.44  -0.343409   -0.790502
7.45  -0.351292   -0.786174
7.46  -0.359132   -0.781747
7.47  -0.366927   -0.777223
7.48  -0.374676   -0.772602
7.49  -0.382379   -0.767885
7.5  -0.390033   -0.763072
7.51  -0.39764   -0.758164
7.52  -0.405196   -0.753161
7.53  -0.412703   -0.748065
7.54  -0.420157   -0.742875
7.55  -0.42756   -0.737593
7.56  -0.434909   -0.732219
7.57  -0.442204   -0.726753
7.58  -0.449444   -0.721198
7.59  -0.456628   -0.715552
7.6  -0.463754   -0.709817
7.61  -0.470824   -0.703993
7.62  -0.477834   -0.698082
7.63  -0.484785   -0.692084
7.64  -0.491675   -0.686
7.65  -0.498505   -0.67983
7.66  -0.505272   -0.673575
7.67  -0.511976   -0.667237
7.68  -0.518616   -0.660815
7.69  -0.525192   -0.654311
7.7  -0.531702   -0.647725
7.71  -0.538146   -0.641059
7.72  -0.544523   -0.634313
7.73  -0.550832   -0.627488
7.74  -0.557073   -0.620584
7.75  -0.563244   -0.613603
7.76  -0.569344   -0.606546
7.77  -0.575374   -0.599413
7.78  -0.581332   -0.592206
7.79  -0.587218   -0.584925
7.8  -0.593031   -0.57757
7.81  -0.598769   -0.570144
7.82  -0.604433   -0.562647
7.83  -0.610022   -0.55508
7.84  -0.615535   -0.547443
7.85  -0.620971   -0.539738
7.86  -0.626329   -0.531966
7.87  -0.63161   -0.524128
7.88  -0.636812   -0.516224
7.89  -0.641934   -0.508256
7.9  -0.646976   -0.500225
7.91  -0.651938   -0.492132
7.92  -0.656819   -0.483977
7.93  -0.661618   -0.475761
7.94  -0.666334   -0.467487
7.95  -0.670967   -0.459154
7.96  -0.675517   -0.450764
7.97  -0.679982   -0.442318
7.98  -0.684363   -0.433816
7.99  -0.688658   -0.425261
8  -0.692868   -0.416653
8.01  -0.696991   -0.407992
8.02  -0.701028   -0.399281
8.03  -0.704977   -0.39052
8.04  -0.708838   -0.381711
8.05  -0.712611   -0.372854
8.06  -0.716295   -0.36395
8.07  -0.71989   -0.355001
8.08  -0.723395   -0.346008
8.09  -0.72681   -0.336971
8.1  -0.730134   -0.327893
8.11  -0.733367   -0.318774
8.12  -0.736509   -0.309615
8.13  -0.73956   -0.300418
8.14  -0.742518   -0.291183
8.15  -0.745383   -0.281911
8.16  -0.748156   -0.272605
8.17  -0.750835   -0.263265
8.18  -0.753421   -0.253892
8.19  -0.755913   -0.244487
8.2  -0.758311   -0.235052
8.21  -0.760614   -0.225587
8.22  -0.762822   -0.216094
8.23  -0.764936   -0.206575
8.24  -0.766954   -0.19703
8.25  -0.768876   -0.18746
8.26  -0.770703   -0.177867
8.27  -0.772433   -0.168251
8.28  -0.774068   -0.158615
8.29  -0.775606   -0.148959
8.3  -0.777047   -0.139284
8.31  -0.778391   -0.129592
8.32  -0.779639   -0.119884
8.33  -0.780789   -0.110161
8.34  -0.781842   -0.100424
8.35  -0.782797   -0.0906744
8.36  -0.783655   -0.0809138
8.37  -0.784415   -0.071143
8.38  -0.785078   -0.0613634
8.39  -0.785643   -0.0515761
8.4  -0.786109   -0.0417824
8.41  -0.786478   -0.0319835
8.42  -0.786749   -0.0221806
8.43  -0.786922   -0.012375
8.44  -0.786997   -0.00256779
8.45  -0.786973   0.00723972
8.46  -0.786852   0.0170463
8.47  -0.786632   0.0268508
8.48  -0.786315   0.036652
8.49  -0.785899   0.0464485
8.5  -0.785386   0.0562393
8.51  -0.784775   0.0660231
8.52  -0.784065   0.0757986
8.53  -0.783259   0.0855647
8.54  -0.782354   0.0953202
8.55  -0.781352   0.105064
8.56  -0.780253   0.114794
8.57  -0.779056   0.12451
8.58  -0.777763   0.134211
8.59  -0.776372   0.143895
8.6  -0.774885   0.153561
8.61  -0.773301   0.163208
8.62  -0.771621   0.172834
8.63  -0.769844   0.182439
8.64  -0.767972   0.192022
8.65  -0.766004   0.20158
8.66  -0.763941   0.211113
8.67  -0.761782   0.22062
8.68  -0.759528   0.230099
8.69  -0.75718   0.23955
8.7  -0.754737   0.248971
8.71  -0.752201   0.258361
8.72  -0.74957   0.267718
8.73  -0.746847   0.277043
8.74  -0.74403   0.286332
8.75  -0.74112   0.295586
8.76  -0.738118   0.304804
8.77  -0.735024   0.313983
8.78  -0.731838   0.323123
8.79  -0.728562   0.332223
8.8  -0.725194   0.341281
8.81  -0.721736   0.350297
8.82  -0.718188   0.35927
8.83  -0.714551   0.368197
8.84  -0.710825   0.377079
8.85  -0.70701   0.385913
8.86  -0.703106   0.3947
8.87  -0.699116   0.403437
8.88  -0.695038   0.412124
8.89  -0.690873   0.42076
8.9  -0.686623   0.429343
8.91  -0.682287   0.437873
8.92  -0.677866   0.446348
8.93  -0.67336   0.454768
8.94  -0.66877   0.463131
8.95  -0.664098   0.471436
8.96  -0.659342   0.479682
8.97  -0.654504   0.487869
8.98  -0.649585   0.495995
8.99  -0.644584   0.504059
9  -0.639504   0.51206
9.01  -0.634343   0.519997
9.02  -0.629104   0.52787
9.03  -0.623786   0.535677
9.04  -0.618391   0.543417
9.05  -0.612918   0.551089
9.06  -0.607369   0.558693
9.07  -0.601744   0.566227
9.08  -0.596045   0.573691
9.09  -0.590271   0.581083
9.1  -0.584423   0.588402
9.11  -0.578503   0.595649
9.12  -0.572511   0.602821
9.13  -0.566447   0.609918
9.14  -0.560313   0.616938
9.15  -0.554108   0.623882
9.16  -0.547835   0.630749
9.17  -0.541494   0.637536
9.18  -0.535085   0.644245
9.19  -0.528609   0.650873
9.2  -0.522068   0.657419
9.21  -0.515461   0.663884
9.22  -0.50879   0.670267
9.23  -0.502056   0.676565
9.24  -0.495259   0.68278
9.25  -0.488401   0.688909
9.26  -0.481481   0.694952
9.27  -0.474502   0.700909
9.28  -0.467463   0.706778
9.29  -0.460367   0.71256
9.3  -0.453212   0.718252
9.31  -0.446002   0.723855
9.32  -0.438736   0.729368
9.33  -0.431415   0.73479
9.34  -0.42404   0.740121
9.35  -0.416613   0.745359
9.36  -0.409133   0.750504
9.37  -0.401603   0.755556
9.38  -0.394022   0.760513
9.39  -0.386393   0.765376
9.4  -0.378715   0.770144
9.41  -0.37099   0.774815
9.42  -0.363219   0.77939
9.43  -0.355403   0.783868
9.44  -0.347542   0.788248
9.45  -0.339638   0.79253
9.46  -0.331692   0.796713
9.47  -0.323704   0.800797
9.48  -0.315676   0.804781
9.49  -0.307609   0.808665
9.5  -0.299503   0.812448
9.51  -0.29136   0.816129
9.52  -0.283181   0.819709
9.53  -0.274967   0.823187
9.54  -0.266718   0.826562
9.55  -0.258436   0.829835
9.56  -0.250121   0.833003
9.57  -0.241776   0.836069
9.58  -0.2334   0.839029
9.59  -0.224996   0.841886
9.6  -0.216563   0.844637
9.61  -0.208103   0.847283
9.62  -0.199618   0.849824
9.63  -0.191107   0.852258
9.64  -0.182573   0.854587
9.65  -0.174016   0.856809
9.66  -0.165437   0.858924
9.67  -0.156838   0.860932
9.68  -0.148219   0.862833
9.69  -0.139581   0.864626
9.7  -0.130927   0.866312
9.71  -0.122256   0.867889
9.72  -0.113569   0.869359
9.73  -0.104869   0.87072
9.74  -0.0961552   0.871972
9.75  -0.0874297   0.873116
9.76  -0.0786932   0.874151
9.77  -0.069947   0.875078
9.78  -0.061192   0.875895
9.79  -0.0524295   0.876603
9.8  -0.0436604   0.877202
9.81  -0.0348858   0.877691
9.82  -0.0261069   0.878071
9.83  -0.0173247   0.878342
9.84  -0.00854043   0.878503
9.85  0.000244943   0.878554
9.86  0.00903029   0.878497
9.87  0.0178145   0.878329
9.88  0.0265965   0.878053
9.89  0.0353752   0.877667
9.9  0.0441495   0.877171
9.91  0.0529183   0.876566
9.92  0.0616804   0.875852
9.93  0.0704349   0.875029
9.94  0.0791807   0.874097
9.95  0.0879165   0.873055
9.96  0.0966414   0.871905
9.97  0.105354   0.870647
9.98  0.114054   0.86928
9.99  0.122739   0.867804
10  0.13141   0.866221
10.01  0.140064   0.864529
10.02  0.1487   0.86273
10.03  0.157318   0.860823
10.04  0.165916   0.858809
10.05  0.174494   0.856688
10.06  0.183049   0.85446
10.07  0.191582   0.852125
10.08  0.200092   0.849685
10.09  0.208576   0.847138
10.1  0.217034   0.844486
10.11  0.225465   0.841729
10.12  0.233868   0.838867
10.13  0.242242   0.8359
10.14  0.250586   0.83283
10.15  0.258898   0.829655
10.16  0.267179   0.826377
10.17  0.275426   0.822996
10.18  0.283638   0.819512
10.19  0.291815   0.815927
10.2  0.299956   0.812239
10.21  0.30806   0.808451
10.22  0.316125   0.804561
10.23  0.324151   0.800572
10.24  0.332136   0.796482
10.25  0.34008   0.792294
10.26  0.347982   0.788006
10.27  0.35584   0.783621
10.28  0.363654   0.779138
10.29  0.371422   0.774557
10.3  0.379145   0.76988
10.31  0.38682   0.765108
10.32  0.394446   0.76024
10.33  0.402024   0.755277
10.34  0.409552   0.75022
10.35  0.417028   0.745069
10.36  0.424453   0.739826
10.37  0.431824   0.73449
10.38  0.439142   0.729063
10.39  0.446405   0.723545
10.4  0.453613   0.717937
10.41  0.460764   0.71224
10.42  0.467857   0.706453
10.43  0.474893   0.700579
10.44  0.481869   0.694618
10.45  0.488785   0.688569
10.46  0.49564   0.682435
10.47  0.502433   0.676216
10.48  0.509164   0.669913
10.49  0.515831   0.663526
10.5  0.522434   0.657057
10.51  0.528972   0.650505
10.52  0.535444   0.643873
10.53  0.541849   0.63716
10.54  0.548187   0.630368
10.55  0.554456   0.623497
10.56  0.560657   0.616549
10.57  0.566787   0.609524
10.58  0.572847   0.602423
10.59  0.578835   0.595246
10.6  0.584751   0.587996
10.61  0.590595   0.580672
10.62  0.596365   0.573276
10.63  0.60206   0.565809
10.64  0.607681   0.558271
10.65  0.613225   0.550663
10.66  0.618694   0.542987
10.67  0.624085   0.535243
10.68  0.629398   0.527433
10.69  0.634633   0.519557
10.7  0.639789   0.511616
10.71  0.644865   0.503611
10.72  0.649861   0.495543
10.73  0.654776   0.487414
10.74  0.659609   0.479224
10.75  0.66436   0.470974
10.76  0.669029   0.462666
10.77  0.673613   0.4543
10.78  0.678114   0.445877
10.79  0.682531   0.437399
10.8  0.686862   0.428866
10.81  0.691108   0.42028
10.82  0.695268   0.411641
10.83  0.699341   0.402951
10.84  0.703326   0.394211
10.85  0.707225   0.385422
10.86  0.711035   0.376585
10.87  0.714756   0.3677
10.88  0.718389   0.35877
10.89  0.721931   0.349796
10.9  0.725384   0.340777
10.91  0.728747   0.331717
10.92  0.732019   0.322614
10.93  0.735199   0.313472
10.94  0.738288   0.304291
10.95  0.741285   0.295071
10.96  0.744189   0.285815
10.97  0.747001   0.276524
10.98  0.749719   0.267197
10.99  0.752345   0.257838
11  0.754876   0.248446
11.01  0.757314   0.239024
11.02  0.759657   0.229571
11.03  0.761905   0.22009
11.04  0.764058   0.210582
11.05  0.766116   0.201047
11.06  0.768079   0.191488
11.07  0.769946   0.181904
11.08  0.771717   0.172298
11.09  0.773392   0.16267
11.1  0.77497   0.153022
11.11  0.776452   0.143355
11.12  0.777837   0.133671
11.13  0.779126   0.123969
11.14  0.780317   0.114252
11.15  0.781411   0.104521
11.16  0.782407   0.0947765
11.17  0.783306   0.0850205
11.18  0.784108   0.0752538
11.19  0.784811   0.0654778
11.2  0.785417   0.0556936
11.21  0.785925   0.0459024
11.22  0.786335   0.0361056
11.23  0.786647   0.0263042
11.24  0.786861   0.0164996
11.25  0.786977   0.00669286
11.26  0.786995   -0.00311466
11.27  0.786915   -0.0129218
11.28  0.786737   -0.0227273
11.29  0.78646   -0.03253
11.3  0.786086   -0.0423287
11.31  0.785614   -0.052122
11.32  0.785044   -0.0619089
11.33  0.784376   -0.0716881
11.34  0.78361   -0.0814583
11.35  0.782746   -0.0912184
11.36  0.781786   -0.100967
11.37  0.780727   -0.110703
11.38  0.779572   -0.120426
11.39  0.778319   -0.130133
11.4  0.776969   -0.139824
11.41  0.775522   -0.149498
11.42  0.773979   -0.159153
11.43  0.772339   -0.168788
11.44  0.770603   -0.178402
11.45  0.768771   -0.187994
11.46  0.766844   -0.197563
11.47  0.76482   -0.207106
11.48  0.762702   -0.216625
11.49  0.760488   -0.226116
11.5  0.758179   -0.235579
11.51  0.755776   -0.245012
11.52  0.753279   -0.254415
11.53  0.750688   -0.263786
11.54  0.748004   -0.273125
11.55  0.745226   -0.282429
11.56  0.742355   -0.291699
11.57  0.739392   -0.300931
11.58  0.736337   -0.310127
11.59  0.733189   -0.319283
11.6  0.729951   -0.3284
11.61  0.726622   -0.337476
11.62  0.723202   -0.34651
11.63  0.719692   -0.355501
11.64  0.716092   -0.364448
11.65  0.712403   -0.373349
11.66  0.708625   -0.382203
11.67  0.704759   -0.39101
11.68  0.700805   -0.399768
11.69  0.696764   -0.408477
11.7  0.692636   -0.417134
11.71  0.688421   -0.425739
11.72  0.684121   -0.434292
11.73  0.679735   -0.44279
11.74  0.675265   -0.451233
11.75  0.670711   -0.45962
11.76  0.666073   -0.46795
11.77  0.661352   -0.476221
11.78  0.656549   -0.484433
11.79  0.651664   -0.492584
11.8  0.646697   -0.500675
11.81  0.64165   -0.508702
11.82  0.636524   -0.516667
11.83  0.631317   -0.524567
11.84  0.626032   -0.532401
11.85  0.62067   -0.54017
11.86  0.615229   -0.547871
11.87  0.609712   -0.555503
11.88  0.604119   -0.563067
11.89  0.598451   -0.57056
11.9  0.592708   -0.577982
11.91  0.586892   -0.585333
11.92  0.581002   -0.59261
11.93  0.57504   -0.599813
11.94  0.569006   -0.606942
11.95  0.562901   -0.613995
11.96  0.556726   -0.620971
11.97  0.550482   -0.62787
11.98  0.544169   -0.634691
11.99  0.537789   -0.641433
12  0.531341   -0.648095
12.01  0.524827   -0.654676
12.02  0.518248   -0.661175
12.03  0.511604   -0.667592
12.04  0.504896   -0.673926
12.05  0.498125   -0.680176
12.06  0.491293   -0.686341
12.07  0.484399   -0.692421
12.08  0.477445   -0.698414
12.09  0.470431   -0.70432
12.1  0.463359   -0.710139
12.11  0.456228   -0.715869
12.12  0.449041   -0.72151
12.13  0.441799   -0.727061
12.14  0.434501   -0.732521
12.15  0.427148   -0.73789
12.16  0.419743   -0.743167
12.17  0.412285   -0.748351
12.18  0.404776   -0.753443
12.19  0.397217   -0.75844
12.2  0.389608   -0.763343
12.21  0.38195   -0.76815
12.22  0.374245   -0.772862
12.23  0.366493   -0.777478
12.24  0.358696   -0.781996
12.25  0.350854   -0.786418
12.26  0.342968   -0.790741
12.27  0.335039   -0.794966
12.28  0.327069   -0.799091
12.29  0.319058   -0.803117
12.3  0.311007   -0.807043
12.31  0.302917   -0.810869
12.32  0.29479   -0.814593
12.33  0.286626   -0.818216
12.34  0.278426   -0.821737
12.35  0.270191   -0.825155
12.36  0.261923   -0.828471
12.37  0.253622   -0.831683
12.38  0.24529   -0.834792
12.39  0.236927   -0.837797
12.4  0.228534   -0.840697
12.41  0.220113   -0.843493
12.42  0.211665   -0.846183
12.43  0.20319   -0.848768
12.44  0.19469   -0.851247
12.45  0.186165   -0.85362
12.46  0.177618   -0.855887
12.47  0.169048   -0.858047
12.48  0.160457   -0.8601
12.49  0.151846   -0.862046
12.5  0.143217   -0.863885
12.51  0.134569   -0.865616
12.52  0.125905   -0.867239
12.53  0.117225   -0.868754
12.54  0.10853   -0.870161
12.55  0.0998217   -0.871459
12.56  0.0911011   -0.872648
12.57  0.0823691   -0.873729
12.58  0.0736268   -0.874701
12.59  0.0648754   -0.875564
12.6  0.0561159   -0.876318
12.61  0.0473494   -0.876963
12.62  0.038577   -0.877498
12.63  0.0297998   -0.877924
12.64  0.0210189   -0.878241
12.65  0.0122354   -0.878448
12.66  0.0034503   -0.878546
12.67  -0.0053352   -0.878534
12.68  -0.01412   -0.878413
12.69  -0.0229031   -0.878182
12.7  -0.0316833   -0.877842
12.71  -0.0404596   -0.877393
12.72  -0.0492308   -0.876834
12.73  -0.0579959   -0.876166
12.74  -0.0667537   -0.875388
12.75  -0.0755033   -0.874502
12.76  -0.0842434   -0.873507
12.77  -0.0929731   -0.872402
12.78  -0.101691   -0.871189
12.79  -0.110396   -0.869868
12.8  -0.119088   -0.868438
12.81  -0.127765   -0.8669
12.82  -0.136426   -0.865254
12.83  -0.14507   -0.8635
12.84  -0.153695   -0.861638
12.85  -0.162302   -0.859669
12.86  -0.170888   -0.857593
12.87  -0.179453   -0.85541
12.88  -0.187996   -0.85312
12.89  -0.196516   -0.850724
12.9  -0.20501   -0.848222
12.91  -0.21348   -0.845615
12.92  -0.221922   -0.842902
12.93  -0.230337   -0.840084
12.94  -0.238724   -0.837161
12.95  -0.24708   -0.834134
12.96  -0.255406   -0.831003
12.97  -0.2637   -0.827768
12.98  -0.271961   -0.82443
12.99  -0.280188   -0.82099
13  -0.28838   -0.817447
13.01  -0.296537   -0.813803
13.02  -0.304656   -0.810056
13.03  -0.312738   -0.806209
13.04  -0.32078   -0.802262
13.05  -0.328782   -0.798214
13.06  -0.336744   -0.794068
13.07  -0.344663   -0.789822
13.08  -0.35254   -0.785477
13.09  -0.360373   -0.781035
13.1  -0.36816   -0.776496
13.11  -0.375902   -0.771859
13.12  -0.383597   -0.767127
13.13  -0.391245   -0.762299
13.14  -0.398843   -0.757376
13.15  -0.406392   -0.752358
13.16  -0.41389   -0.747247
13.17  -0.421336   -0.742043
13.18  -0.42873   -0.736746
13.19  -0.436071   -0.731357
13.2  -0.443357   -0.725877
13.21  -0.450588   -0.720307
13.22  -0.457763   -0.714647
13.23  -0.464881   -0.708898
13.24  -0.471941   -0.703061
13.25  -0.478942   -0.697136
13.26  -0.485883   -0.691124
13.27  -0.492764   -0.685026
13.28  -0.499583   -0.678842
13.29  -0.506341   -0.672574
13.3  -0.513035   -0.666223
13.31  -0.519665   -0.659788
13.32  -0.52623   -0.653271
13.33  -0.53273   -0.646672
13.34  -0.539163   -0.639993
13.35  -0.545529   -0.633234
13.36  -0.551828   -0.626397
13.37  -0.558057   -0.619481
13.38  -0.564217   -0.612488
13.39  -0.570307   -0.605419
13.4  -0.576325   -0.598274
13.41  -0.582272   -0.591055
13.42  -0.588146   -0.583762
13.43  -0.593947   -0.576396
13.44  -0.599674   -0.568958
13.45  -0.605326   -0.56145
13.46  -0.610902   -0.553872
13.47  -0.616403   -0.546224
13.48  -0.621827   -0.538509
13.49  -0.627173   -0.530726
13.5  -0.632441   -0.522877
13.51  -0.63763   -0.514963
13.52  -0.64274   -0.506985
13.53  -0.64777   -0.498944
13.54  -0.652719   -0.490841
13.55  -0.657586   -0.482676
13.56  -0.662372   -0.474451
13.57  -0.667075   -0.466167
13.58  -0.671695   -0.457825
13.59  -0.676231   -0.449426
13.6  -0.680684   -0.440971
13.61  -0.685051   -0.432461
13.62  -0.689333   -0.423898
13.63  -0.693529   -0.415281
13.64  -0.697638   -0.406612
13.65  -0.701661   -0.397893
13.66  -0.705596   -0.389125
13.67  -0.709443   -0.380307
13.68  -0.713202   -0.371443
13.69  -0.716872   -0.362532
13.7  -0.720452   -0.353576
13.71  -0.723943   -0.344576
13.72  -0.727344   -0.335533
13.73  -0.730654   -0.326448
13.74  -0.733872   -0.317322
13.75  -0.737   -0.308157
13.76  -0.740035   -0.298954
13.77  -0.742979   -0.289713
13.78  -0.74583   -0.280436
13.79  -0.748587   -0.271124
13.8  -0.751252   -0.261779
13.81  -0.753823   -0.2524
13.82  -0.7563   -0.242991
13.83  -0.758683   -0.233551
13.84  -0.760971   -0.224082
13.85  -0.763164   -0.214585
13.86  -0.765262   -0.205061
13.87  -0.767265   -0.195512
13.88  -0.769172   -0.185938
13.89  -0.770984   -0.176341
13.9  -0.772699   -0.166722
13.91  -0.774318   -0.157083
13.92  -0.775841   -0.147424
13.93  -0.777267   -0.137746
13.94  -0.778596   -0.128051
13.95  -0.779828   -0.118341
13.96  -0.780962   -0.108615
13.97  -0.782   -0.0988765
13.98  -0.78294   -0.0891253
13.99  -0.783782   -0.0793629
14  -0.784527   -0.0695907
14.01  -0.785174   -0.0598098
14.02  -0.785723   -0.0500214
14.03  -0.786175   -0.0402268
14.04  -0.786528   -0.0304272
14.05  -0.786783   -0.0206238
14.06  -0.78694   -0.0108178
14.07  -0.786999   -0.00101046
14.08  -0.786961   0.00879699
14.09  -0.786824   0.0186033
14.1  -0.786588   0.0284074
14.11  -0.786255   0.0382079
14.12  -0.785824   0.0480036
14.13  -0.785295   0.0577934
14.14  -0.784669   0.0675759
14.15  -0.783944   0.0773501
14.16  -0.783122   0.0871145
14.17  -0.782202   0.0968682
14.18  -0.781184   0.10661
14.19  -0.780069   0.116338
14.2  -0.778857   0.126052
14.21  -0.777548   0.13575
14.22  -0.776143   0.145431
14.23  -0.77464   0.155094
14.24  -0.773041   0.164738
14.25  -0.771345   0.174361
14.26  -0.769554   0.183962
14.27  -0.767666   0.193541
14.28  -0.765683   0.203095
14.29  -0.763604   0.212624
14.3  -0.76143   0.222127
14.31  -0.759162   0.231602
14.32  -0.756799   0.241048
14.33  -0.754341   0.250464
14.34  -0.751789   0.259849
14.35  -0.749144   0.269201
14.36  -0.746405   0.27852
14.37  -0.743574   0.287804
14.38  -0.740649   0.297053
14.39  -0.737633   0.306264
14.4  -0.734524   0.315437
14.41  -0.731324   0.324571
14.42  -0.728033   0.333664
14.43  -0.724651   0.342716
14.44  -0.721179   0.351725
14.45  -0.717617   0.36069
14.46  -0.713965   0.36961
14.47  -0.710225   0.378485
14.48  -0.706396   0.387312
14.49  -0.702479   0.39609
14.5  -0.698474   0.40482
14.51  -0.694382   0.413499
14.52  -0.690204   0.422126
14.53  -0.68594   0.430701
14.54  -0.68159   0.439222
14.55  -0.677156   0.447689
14.56  -0.672637   0.456099
14.57  -0.668034   0.464453
14.58  -0.663348   0.472749
14.59  -0.658579   0.480986
14.6  -0.653728   0.489163
14.61  -0.648796   0.497279
14.62  -0.643783   0.505334
14.63  -0.63869   0.513325
14.64  -0.633517   0.521252
14.65  -0.628265   0.529114
14.66  -0.622935   0.53691
14.67  -0.617527   0.54464
14.68  -0.612042   0.552301
14.69  -0.606481   0.559894
14.7  -0.600844   0.567417
14.71  -0.595133   0.574869
14.72  -0.589347   0.58225
14.73  -0.583488   0.589558
14.74  -0.577556   0.596792
14.75  -0.571553   0.603953
14.76  -0.565478   0.611037
14.77  -0.559332   0.618046
14.78  -0.553117   0.624978
14.79  -0.546833   0.631832
14.8  -0.540481   0.638607
14.81  -0.534061   0.645303
14.82  -0.527575   0.651918
14.83  -0.521023   0.658452
14.84  -0.514406   0.664903
14.85  -0.507725   0.671272
14.86  -0.500981   0.677558
14.87  -0.494174   0.683759
14.88  -0.487306   0.689874
14.89  -0.480377   0.695904
14.9  -0.473388   0.701847
14.91  -0.46634   0.707702
14.92  -0.459234   0.71347
14.93  -0.452071   0.719148
14.94  -0.444852   0.724737
14.95  -0.437577   0.730235
14.96  -0.430247   0.735643
14.97  -0.422864   0.740959
14.98  -0.415428   0.746182
14.99  -0.407941   0.751313
15  -0.400403   0.756349
15.01  -0.392814   0.761292
15.02  -0.385177   0.76614
15.03  -0.377492   0.770892
15.04  -0.369759   0.775548
15.05  -0.361981   0.780108
15.06  -0.354158   0.78457
15.07  -0.34629   0.788934
15.08  -0.338379   0.793201
15.09  -0.330426   0.797368
15.1  -0.322432   0.801436
15.11  -0.314398   0.805404
15.12  -0.306325   0.809272
15.13  -0.298213   0.813039
15.14  -0.290064   0.816704
15.15  -0.281879   0.820268
15.16  -0.273659   0.82373
15.17  -0.265405   0.827089
15.18  -0.257118   0.830345
15.19  -0.248798   0.833497
15.2  -0.240448   0.836546
15.21  -0.232068   0.83949
15.22  -0.223659   0.84233
15.23  -0.215222   0.845064
15.24  -0.206758   0.847694
15.25  -0.198268   0.850217
15.26  -0.189754   0.852635
15.27  -0.181216   0.854947
15.28  -0.172655   0.857152
15.29  -0.164073   0.85925
15.3  -0.15547   0.861241
15.31  -0.146849   0.863125
15.32  -0.138208   0.864901
15.33  -0.129551   0.866569
15.34  -0.120877   0.86813
15.35  -0.112189   0.869582
15.36  -0.103486   0.870926
15.37  -0.0947705   0.872161
15.38  -0.0860431   0.873288
15.39  -0.0773051   0.874306
15.4  -0.0685574   0.875215
15.41  -0.0598011   0.876014
15.42  -0.0510374   0.876705
15.43  -0.0422674   0.877287
15.44  -0.0334921   0.877759
15.45  -0.0247126   0.878121
15.46  -0.01593   0.878375
15.47  -0.00714546   0.878518
15.48  0.00163999   0.878553
15.49  0.0104252   0.878477
15.5  0.0192092   0.878293
15.51  0.0279907   0.877999
15.52  0.0367688   0.877595
15.53  0.0455423   0.877082
15.54  0.0543101   0.87646
15.55  0.0630711   0.875729
15.56  0.0718243   0.874888
15.57  0.0805685   0.873939
15.58  0.0893027   0.87288
15.59  0.0980257   0.871713
15.6  0.106737   0.870437
15.61  0.115434   0.869053
15.62  0.124117   0.86756
15.63  0.132785   0.865959
15.64  0.141436   0.86425
15.65  0.15007   0.862434
15.66  0.158684   0.86051
15.67  0.167279   0.858479
15.68  0.175854   0.856341
15.69  0.184406   0.854096
15.7  0.192935   0.851745
15.71  0.20144   0.849288
15.72  0.209921   0.846724
15.73  0.218375   0.844056
15.74  0.226801   0.841282
15.75  0.2352   0.838403
15.76  0.243569   0.83542
15.77  0.251908   0.832332
15.78  0.260215   0.829141
15.79  0.26849   0.825847
15.8  0.276732   0.82245
15.81  0.284939   0.81895
15.82  0.293111   0.815348
15.83  0.301246   0.811644
15.84  0.309343   0.80784
15.85  0.317402   0.803934
15.86  0.325422   0.799929
15.87  0.3334   0.795824
15.88  0.341338   0.79162
15.89  0.349232   0.787317
15.9  0.357084   0.782915
15.91  0.36489   0.778417
15.92  0.372652   0.773821
15.93  0.380367   0.769129
15.94  0.388034   0.764341
15.95  0.395653   0.759458
15.96  0.403223   0.75448
15.97  0.410742   0.749408
15.98  0.418211   0.744243
15.99  0.425627   0.738985
16  0.43299   0.733635
16.01  0.440299   0.728193
16.02  0.447554   0.722661
16.03  0.454752   0.717039
16.04  0.461894   0.711327
16.05  0.468978   0.705527
16.06  0.476004   0.699638
16.07  0.482971   0.693663
16.08  0.489877   0.687601
16.09  0.496723   0.681453
16.1  0.503506   0.675221
16.11  0.510227   0.668904
16.12  0.516884   0.662504
16.13  0.523477   0.656022
16.14  0.530004   0.649457
16.15  0.536465   0.642812
16.16  0.54286   0.636087
16.17  0.549187   0.629282
16.18  0.555445   0.622399
16.19  0.561635   0.615439
16.2  0.567754   0.608401
16.21  0.573802   0.601288
16.22  0.579779   0.5941
16.23  0.585684   0.586838
16.24  0.591516   0.579503
16.25  0.597274   0.572095
16.26  0.602958   0.564617
16.27  0.608566   0.557068
16.28  0.614099   0.549449
16.29  0.619555   0.541762
16.3  0.624934   0.534008
16.31  0.630235   0.526187
16.32  0.635457   0.5183
16.33  0.640601   0.510349
16.34  0.645664   0.502334
16.35  0.650647   0.494257
16.36  0.655549   0.486118
16.37  0.660369   0.477918
16.38  0.665107   0.469659
16.39  0.669762   0.461341
16.4  0.674334   0.452966
16.41  0.678821   0.444534
16.42  0.683224   0.436047
16.43  0.687542   0.427506
16.44  0.691774   0.418911
16.45  0.69592   0.410265
16.46  0.699979   0.401567
16.47  0.703951   0.392819
16.48  0.707836   0.384022
16.49  0.711632   0.375177
16.5  0.715339   0.366285
16.51  0.718957   0.357348
16.52  0.722486   0.348367
16.53  0.725924   0.339341
16.54  0.729272   0.330274
16.55  0.73253   0.321165
16.56  0.735696   0.312017
16.57  0.73877   0.302829
16.58  0.741752   0.293604
16.59  0.744642   0.284342
16.6  0.747439   0.275045
16.61  0.750143   0.265713
16.62  0.752753   0.256349
16.63  0.755269   0.246952
16.64  0.757692   0.237525
16.65  0.76002   0.228068
16.66  0.762253   0.218582
16.67  0.764391   0.20907
16.68  0.766434   0.199531
16.69  0.768382   0.189968
16.7  0.770234   0.18038
16.71  0.771989   0.170771
16.72  0.773649   0.16114
16.73  0.775212   0.151489
16.74  0.776679   0.141819
16.75  0.778049   0.132131
16.76  0.779321   0.122427
16.77  0.780497   0.112708
16.78  0.781575   0.102974
16.79  0.782556   0.0932281
16.8  0.78344   0.0834703
16.81  0.784226   0.0737021
16.82  0.784914   0.0639246
16.83  0.785504   0.0541393
16.84  0.785997   0.0443471
16.85  0.786391   0.0345495
16.86  0.786688   0.0247475
16.87  0.786886   0.0149425
16.88  0.786987   0.00513556
16.89  0.786989   -0.00467199
16.9  0.786893   -0.014479
16.91  0.786699   -0.0242841
16.92  0.786407   -0.0340862
16.93  0.786018   -0.0438841
16.94  0.78553   -0.0536766
16.95  0.784944   -0.0634623
16.96  0.784261   -0.0732401
16.97  0.783479   -0.0830088
16.98  0.7826   -0.0927671
16.99  0.781624   -0.102514
17  0.78055   -0.112248
17.01  0.779379   -0.121968
17.02  0.778111   -0.131673
17.03  0.776746   -0.141361
17.04  0.775284   -0.151032
17.05  0.773725   -0.160684
17.06  0.77207   -0.170316
17.07  0.770319   -0.179927
17.08  0.768472   -0.189515
17.09  0.766529   -0.19908
17.1  0.76449   -0.20862
17.11  0.762356   -0.218133
17.12  0.760128   -0.22762
17.13  0.757804   -0.237078
17.14  0.755386   -0.246507
17.15  0.752874   -0.255905
17.16  0.750268   -0.265272
17.17  0.747569   -0.274605
17.18  0.744776   -0.283904
17.19  0.741891   -0.293167
17.2  0.738913   -0.302394
17.21  0.735843   -0.311583
17.22  0.732681   -0.320734
17.23  0.729428   -0.329844
17.24  0.726085   -0.338914
17.25  0.72265   -0.347941
17.26  0.719126   -0.356925
17.27  0.715512   -0.365864
17.28  0.711809   -0.374758
17.29  0.708017   -0.383605
17.3  0.704137   -0.392404
17.31  0.700169   -0.401154
17.32  0.696114   -0.409855
17.33  0.691972   -0.418504
17.34  0.687744   -0.427101
17.35  0.68343   -0.435645
17.36  0.679031   -0.444135
17.37  0.674548   -0.452569
17.38  0.66998   -0.460947
17.39  0.665329   -0.469267
17.4  0.660595   -0.477529
17.41  0.655779   -0.485731
17.42  0.650881   -0.493873
17.43  0.645901   -0.501954
17.44  0.640842   -0.509971
17.45  0.635702   -0.517926
17.46  0.630483   -0.525815
17.47  0.625186   -0.533639
17.48  0.619811   -0.541397
17.49  0.614358   -0.549087
17.5  0.608829   -0.556709
17.51  0.603224   -0.564261
17.52  0.597544   -0.571743
17.53  0.59179   -0.579154
17.54  0.585961   -0.586493
17.55  0.58006   -0.593759
17.56  0.574087   -0.60095
17.57  0.568041   -0.608067
17.58  0.561925   -0.615108
17.59  0.55574   -0.622072
17.6  0.549484   -0.628959
17.61  0.543161   -0.635767
17.62  0.536769   -0.642496
17.63  0.530311   -0.649145
17.64  0.523787   -0.655713
17.65  0.517197   -0.6622
17.66  0.510543   -0.668604
17.67  0.503825   -0.674924
17.68  0.497045   -0.681161
17.69  0.490202   -0.687312
17.7  0.483299   -0.693378
17.71  0.476335   -0.699358
17.72  0.469312   -0.70525
17.73  0.46223   -0.711055
17.74  0.455091   -0.716771
17.75  0.447895   -0.722397
17.76  0.440643   -0.727934
17.77  0.433337   -0.73338
17.78  0.425976   -0.738734
17.79  0.418562   -0.743996
17.8  0.411096   -0.749166
17.81  0.403579   -0.754242
17.82  0.396012   -0.759225
17.83  0.388395   -0.764112
17.84  0.38073   -0.768905
17.85  0.373017   -0.773601
17.86  0.365258   -0.778202
17.87  0.357454   -0.782705
17.88  0.349605   -0.787111
17.89  0.341712   -0.791418
17.9  0.333776   -0.795627
17.91  0.3258   -0.799737
17.92  0.317782   -0.803747
17.93  0.309725   -0.807657
17.94  0.301629   -0.811467
17.95  0.293496   -0.815175
17.96  0.285326   -0.818782
17.97  0.277121   -0.822286
17.98  0.268881   -0.825689
17.99  0.260607   -0.828988
18  0.252301   -0.832184
18.01  0.243964   -0.835276
18.02  0.235596   -0.838264
18.03  0.227199   -0.841148
18.04  0.218774   -0.843927
18.05  0.210321   -0.846601
18.06  0.201842   -0.849169
18.07  0.193338   -0.851631
18.08  0.18481   -0.853987
18.09  0.176258   -0.856237
18.1  0.167685   -0.85838
18.11  0.159091   -0.860417
18.12  0.150477   -0.862346
18.13  0.141845   -0.864167
18.14  0.133194   -0.865881
18.15  0.124527   -0.867487
18.16  0.115845   -0.868984
18.17  0.107148   -0.870374
18.18  0.0984378   -0.871655
18.19  0.0897153   -0.872827
18.2  0.0809816   -0.873891
18.21  0.0722378   -0.874846
18.22  0.063485   -0.875691
18.23  0.0547243   -0.876428
18.24  0.0459568   -0.877055
18.25  0.0371836   -0.877573
18.26  0.0284057   -0.877982
18.27  0.0196243   -0.878281
18.28  0.0108405   -0.878471
18.29  0.00205526   -0.878552
18.3  -0.0067302   -0.878522
18.31  -0.0155148   -0.878384
18.32  -0.0242975   -0.878136
18.33  -0.0330772   -0.877778
18.34  -0.0418527   -0.877311
18.35  -0.050623   -0.876735
18.36  -0.059387   -0.87605
18.37  -0.0681437   -0.875255
18.38  -0.0768918   -0.874351
18.39  -0.0856303   -0.873339
18.4  -0.0943582   -0.872217
18.41  -0.103074   -0.870987
18.42  -0.111778   -0.869648
18.43  -0.120467   -0.868201
18.44  -0.129141   -0.866646
18.45  -0.137799   -0.864982
18.46  -0.146441   -0.863211
18.47  -0.155063   -0.861332
18.48  -0.163667   -0.859346
18.49  -0.17225   -0.857253
18.5  -0.180812   -0.855053
18.51  -0.189351   -0.852747
18.52  -0.197866   -0.850334
18.53  -0.206357   -0.847815
18.54  -0.214822   -0.845191
18.55  -0.22326   -0.842461
18.56  -0.231671   -0.839627
18.57  -0.240053   -0.836687
18.58  -0.248404   -0.833644
18.59  -0.256725   -0.830496
18.6  -0.265014   -0.827245
18.61  -0.27327   -0.823891
18.62  -0.281491   -0.820434
18.63  -0.289678   -0.816875
18.64  -0.297829   -0.813214
18.65  -0.305942   -0.809452
18.66  -0.314017   -0.805589
18.67  -0.322053   -0.801626
18.68  -0.330049   -0.797563
18.69  -0.338004   -0.7934
18.7  -0.345917   -0.789138
18.71  -0.353787   -0.784778
18.72  -0.361612   -0.780321
18.73  -0.369393   -0.775766
18.74  -0.377127   -0.771114
18.75  -0.384815   -0.766366
18.76  -0.392454   -0.761523
18.77  -0.400045   -0.756585
18.78  -0.407586   -0.751553
18.79  -0.415076   -0.746427
18.8  -0.422514   -0.741208
18.81  -0.4299   -0.735896
18.82  -0.437232   -0.730493
18.83  -0.444509   -0.724999
18.84  -0.451731   -0.719414
18.85  -0.458897   -0.71374
18.86  -0.466006   -0.707977
18.87  -0.473056   -0.702126
18.88  -0.480048   -0.696187
18.89  -0.48698   -0.690161
18.9  -0.493851   -0.68405
18.91  -0.50066   -0.677853
18.92  -0.507408   -0.671571
18.93  -0.514092   -0.665206
18.94  -0.520712   -0.658758
18.95  -0.527267   -0.652228
18.96  -0.533756   -0.645617
18.97  -0.540179   -0.638925
18.98  -0.546534   -0.632154
18.99  -0.552821   -0.625304
19  -0.55904   -0.618376
19.01  -0.565189   -0.61137
19.02  -0.571267   -0.604289
19.03  -0.577274   -0.597133
19.04  -0.583209   -0.589901
19.05  -0.589072   -0.582597
19.06  -0.594861   -0.57522
19.07  -0.600576   -0.567771
19.08  -0.606216   -0.560251
19.09  -0.611781   -0.552662
19.1  -0.617269   -0.545004
19.11  -0.622681   -0.537277
19.12  -0.628015   -0.529484
19.13  -0.63327   -0.521625
19.14  -0.638447   -0.513701
19.15  -0.643544   -0.505713
19.16  -0.648561   -0.497662
19.17  -0.653497   -0.489548
19.18  -0.658352   -0.481374
19.19  -0.663124   -0.47314
19.2  -0.667814   -0.464847
19.21  -0.672421   -0.456496
19.22  -0.676944   -0.448088
19.23  -0.681383   -0.439624
19.24  -0.685736   -0.431105
19.25  -0.690005   -0.422533
19.26  -0.694187   -0.413908
19.27  -0.698283   -0.405231
19.28  -0.702291   -0.396504
19.29  -0.706213   -0.387728
19.3  -0.710046   -0.378903
19.31  -0.71379   -0.370031
19.32  -0.717446   -0.361113
19.33  -0.721013   -0.35215
19.34  -0.724489   -0.343143
19.35  -0.727875   -0.334093
19.36  -0.731171   -0.325001
19.37  -0.734375   -0.31587
19.38  -0.737488   -0.306698
19.39  -0.740509   -0.297489
19.4  -0.743438   -0.288242
19.41  -0.746274   -0.27896
19.42  -0.749017   -0.269642
19.43  -0.751666   -0.260292
19.44  -0.754222   -0.250908
19.45  -0.756684   -0.241494
19.46  -0.759052   -0.232049
19.47  -0.761325   -0.222575
19.48  -0.763504   -0.213074
19.49  -0.765587   -0.203546
19.5  -0.767574   -0.193993
19.51  -0.769467   -0.184416
19.52  -0.771263   -0.174815
19.53  -0.772963   -0.165193
19.54  -0.774566   -0.15555
19.55  -0.776074   -0.145888
19.56  -0.777484   -0.136208
19.57  -0.778798   -0.126511
19.58  -0.780014   -0.116798
19.59  -0.781134   -0.10707
19.6  -0.782156   -0.0973289
19.61  -0.78308   -0.0875758
19.62  -0.783907   -0.0778118
19.63  -0.784636   -0.0680381
19.64  -0.785268   -0.0582559
19.65  -0.785802   -0.0484665
19.66  -0.786237   -0.038671
19.67  -0.786575   -0.0288707
19.68  -0.786815   -0.0190668
19.69  -0.786956   -0.00926055
19.7  -0.787   0.000546876
19.71  -0.786945   0.0103542
19.72  -0.786793   0.0201603
19.73  -0.786542   0.0299639
19.74  -0.786194   0.0397637
19.75  -0.785747   0.0495585
19.76  -0.785202   0.0593472
19.77  -0.78456   0.0691285
19.78  -0.78382   0.0789012
19.79  -0.782982   0.0886641
19.8  -0.782047   0.0984159
19.81  -0.781014   0.108155
19.82  -0.779884   0.117881
19.83  -0.778656   0.127593
19.84  -0.777332   0.137288
19.85  -0.77591   0.146967
19.86  -0.774392   0.156627
19.87  -0.772778   0.166267
19.88  -0.771067   0.175887
19.89  -0.76926   0.185485
19.9  -0.767358   0.19506
19.91  -0.765359   0.20461
19.92  -0.763265   0.214135
19.93  -0.761077   0.223633
19.94  -0.758793   0.233104
19.95  -0.756415   0.242545
19.96  -0.753942   0.251956
19.97  -0.751376   0.261336
19.98  -0.748715   0.270683
19.99  -0.745962   0.279997
20  -0.743116   0.289275
20.01  -0.740177   0.298518
20.02  -0.737145   0.307723
20.03  -0.734022   0.31689
20.04  -0.730808   0.326017
20.05  -0.727502   0.335104
20.06  -0.724106   0.344149
20.07  -0.720619   0.353151
20.08  -0.717043   0.36211
20.09  -0.713377   0.371023
20.1  -0.709623   0.379889
20.11  -0.70578   0.388709
20.12  -0.701849   0.39748
20.13  -0.69783   0.406201
20.14  -0.693725   0.414872
20.15  -0.689533   0.423491
20.16  -0.685255   0.432058
20.17  -0.680892   0.44057
20.18  -0.676444   0.449028
20.19  -0.671911   0.45743
20.2  -0.667295   0.465774
20.21  -0.662596   0.474061
20.22  -0.657814   0.482289
20.23  -0.652951   0.490456
20.24  -0.648005   0.498562
20.25  -0.64298   0.506607
20.26  -0.637874   0.514588
20.27  -0.632688   0.522505
20.28  -0.627424   0.530357
20.29  -0.622081   0.538142
20.3  -0.616661   0.545861
20.31  -0.611164   0.553512
20.32  -0.605591   0.561093
20.33  -0.599943   0.568605
20.34  -0.594219   0.576046
20.35  -0.588422   0.583415
20.36  -0.582551   0.590712
20.37  -0.576608   0.597934
20.38  -0.570593   0.605083
20.39  -0.564506   0.612156
20.4  -0.55835   0.619152
20.41  -0.552124   0.626072
20.42  -0.545829   0.632913
20.43  -0.539466   0.639675
20.44  -0.533035   0.646358
20.45  -0.526539   0.652961
20.46  -0.519976   0.659482
20.47  -0.513349   0.66592
20.48  -0.506658   0.672276
20.49  -0.499904   0.678548
20.5  -0.493088   0.684735
20.51  -0.48621   0.690837
20.52  -0.479271   0.696853
20.53  -0.472273   0.702783
20.54  -0.465216   0.708624
20.55  -0.458101   0.714377
20.56  -0.450929   0.720042
20.57  -0.4437   0.725616
20.58  -0.436417   0.7311
20.59  -0.429079   0.736493
20.6  -0.421687   0.741794
20.61  -0.414243   0.747003
20.62  -0.406747   0.752119
20.63  -0.399201   0.757141
20.64  -0.391605   0.762068
20.65  -0.38396   0.766901
20.66  -0.376267   0.771638
20.67  -0.368527   0.776279
20.68  -0.360742   0.780823
20.69  -0.352911   0.78527
20.7  -0.345037   0.789618
20.71  -0.337119   0.793869
20.72  -0.32916   0.798021
20.73  -0.321159   0.802073
20.74  -0.313119   0.806025
20.75  -0.305039   0.809877
20.76  -0.296921   0.813628
20.77  -0.288767   0.817277
20.78  -0.280576   0.820825
20.79  -0.272351   0.82427
20.8  -0.264091   0.827613
20.81  -0.255799   0.830852
20.82  -0.247474   0.833988
20.83  -0.239119   0.83702
20.84  -0.230734   0.839948
20.85  -0.222321   0.842771
20.86  -0.213879   0.845489
20.87  -0.205411   0.848101
20.88  -0.196918   0.850608
20.89  -0.188399   0.853009
20.9  -0.179858   0.855304
20.91  -0.171294   0.857492
20.92  -0.162708   0.859573
20.93  -0.154103   0.861547
20.94  -0.145478   0.863414
20.95  -0.136835   0.865173
20.96  -0.128175   0.866824
20.97  -0.119499   0.868368
20.98  -0.110808   0.869803
20.99  -0.102103   0.871129
21  -0.0933854   0.872347
21.01  -0.0846563   0.873457
21.02  -0.0759166   0.874457
21.03  -0.0671675   0.875349
21.04  -0.05841   0.876131
21.05  -0.0496453   0.876805
21.06  -0.0408743   0.877369
21.07  -0.0320982   0.877823
21.08  -0.0233182   0.878169
21.09  -0.0145352   0.878405
21.1  -0.00575046   0.878531
21.11  0.00303503   0.878548
21.12  0.0118201   0.878455
21.13  0.0206038   0.878253
21.14  0.0293848   0.877942
21.15  0.0381622   0.877521
21.16  0.0469349   0.876991
21.17  0.0557017   0.876351
21.18  0.0644616   0.875602
21.19  0.0732134   0.874745
21.2  0.0819561   0.873778
21.21  0.0906886   0.872702
21.22  0.0994098   0.871517
21.23  0.108119   0.870224
21.24  0.116814   0.868823
21.25  0.125495   0.867313
21.26  0.13416   0.865695
21.27  0.142808   0.863969
21.28  0.151439   0.862136
21.29  0.160051   0.860195
21.3  0.168642   0.858147
21.31  0.177213   0.855992
21.32  0.185762   0.85373
21.33  0.194287   0.851362
21.34  0.202789   0.848888
21.35  0.211265   0.846308
21.36  0.219715   0.843622
21.37  0.228137   0.840832
21.38  0.236531   0.837936
21.39  0.244895   0.834936
21.4  0.253229   0.831833
21.41  0.261532   0.828625
21.42  0.269801   0.825314
21.43  0.278037   0.821901
21.44  0.286239   0.818385
21.45  0.294405   0.814767
21.46  0.302534   0.811047
21.47  0.310625   0.807226
21.48  0.318678   0.803305
21.49  0.326691   0.799284
21.5  0.334664   0.795163
21.51  0.342594   0.790943
21.52  0.350482   0.786624
21.53  0.358326   0.782208
21.54  0.366126   0.777693
21.55  0.37388   0.773082
21.56  0.381587   0.768375
21.57  0.389247   0.763572
21.58  0.396858   0.758674
21.59  0.40442   0.753681
21.6  0.411932   0.748594
21.61  0.419392   0.743414
21.62  0.4268   0.738141
21.63  0.434154   0.732777
21.64  0.441455   0.727321
21.65  0.4487   0.721774
21.66  0.45589   0.716138
21.67  0.463023   0.710412
21.68  0.470098   0.704597
21.69  0.477114   0.698695
21.7  0.484072   0.692706
21.71  0.490968   0.686631
21.72  0.497804   0.680469
21.73  0.504577   0.674224
21.74  0.511288   0.667894
21.75  0.517935   0.66148
21.76  0.524517   0.654985
21.77  0.531034   0.648408
21.78  0.537485   0.64175
21.79  0.543869   0.635012
21.8  0.550185   0.628194
21.81  0.556433   0.621299
21.82  0.562611   0.614326
21.83  0.568719   0.607277
21.84  0.574756   0.600152
21.85  0.580722   0.592952
21.86  0.586615   0.585678
21.87  0.592435   0.578331
21.88  0.598181   0.570913
21.89  0.603853   0.563423
21.9  0.60945   0.555862
21.91  0.61497   0.548233
21.92  0.620414   0.540535
21.93  0.625781   0.53277
21.94  0.631069   0.524939
21.95  0.636279   0.517042
21.96  0.64141   0.50908
21.97  0.646461   0.501056
21.98  0.651431   0.492968
21.99  0.65632   0.48482
22  0.661127   0.47661
22.01  0.665852   0.468342
22.02  0.670494   0.460015
22.03  0.675052   0.451631
22.04  0.679526   0.44319
22.05  0.683916   0.434695
22.06  0.68822   0.426145
22.07  0.692438   0.417542
22.08  0.69657   0.408887
22.09  0.700616   0.400181
22.1  0.704574   0.391425
22.11  0.708444   0.382621
22.12  0.712226   0.373768
22.13  0.715919   0.364869
22.14  0.719523   0.355925
22.15  0.723038   0.346936
22.16  0.726462   0.337904
22.17  0.729796   0.32883
22.18  0.733038   0.319715
22.19  0.73619   0.31056
22.2  0.73925   0.301367
22.21  0.742217   0.292136
22.22  0.745092   0.282868
22.23  0.747874   0.273565
22.24  0.750563   0.264229
22.25  0.753159   0.254859
22.26  0.75566   0.245457
22.27  0.758068   0.236025
22.28  0.760381   0.226564
22.29  0.762599   0.217074
22.3  0.764722   0.207557
22.31  0.76675   0.198014
22.32  0.768682   0.188447
22.33  0.770519   0.178856
22.34  0.772259   0.169243
22.35  0.773904   0.159609
22.36  0.775452   0.149954
22.37  0.776903   0.140282
22.38  0.778257   0.130591
22.39  0.779515   0.120885
22.4  0.780675   0.111163
22.41  0.781738   0.101428
22.42  0.782703   0.0916794
22.43  0.783571   0.0819199
22.44  0.784342   0.0721501
22.45  0.785014   0.0623713
22.46  0.785589   0.0525848
22.47  0.786066   0.0427917
22.48  0.786445   0.0329933
22.49  0.786726   0.0231908
22.5  0.786909   0.0133853
22.51  0.786993   0.00357825
22.52  0.78698   -0.00622929
22.53  0.786869   -0.0160361
22.54  0.78666   -0.0258408
22.55  0.786352   -0.0356424
22.56  0.785947   -0.0454395
22.57  0.785443   -0.0552309
22.58  0.784842   -0.0650154
22.59  0.784143   -0.0747919
22.6  0.783346   -0.084559
22.61  0.782452   -0.0943156
22.62  0.78146   -0.10406
22.63  0.780371   -0.113792
22.64  0.779184   -0.12351
22.65  0.777901   -0.133212
22.66  0.77652   -0.142898
22.67  0.775043   -0.152566
22.68  0.773469   -0.162215
22.69  0.771798   -0.171843
22.7  0.770032   -0.181451
22.71  0.76817   -0.191035
22.72  0.766211   -0.200596
22.73  0.764158   -0.210132
22.74  0.762009   -0.219642
22.75  0.759765   -0.229124
22.76  0.757426   -0.238578
22.77  0.754993   -0.248002
22.78  0.752466   -0.257395
22.79  0.749846   -0.266756
22.8  0.747131   -0.276084
22.81  0.744324   -0.285377
22.82  0.741424   -0.294635
22.83  0.738432   -0.303856
22.84  0.735347   -0.313039
22.85  0.732171   -0.322183
22.86  0.728904   -0.331287
22.87  0.725545   -0.34035
22.88  0.722097   -0.34937
22.89  0.718558   -0.358347
22.9  0.71493   -0.367279
22.91  0.711213   -0.376166
22.92  0.707407   -0.385005
22.93  0.703513   -0.393797
22.94  0.699531   -0.402539
22.95  0.695462   -0.411232
22.96  0.691306   -0.419873
22.97  0.687065   -0.428461
22.98  0.682737   -0.436997
22.99  0.678325   -0.445477
23  0.673828   -0.453903
23.01  0.669247   -0.462272
23.02  0.664583   -0.470583
23.03  0.659836   -0.478835
23.04  0.655006   -0.487028
23.05  0.650095   -0.49516
23.06  0.645103   -0.503231
23.07  0.640031   -0.511239
23.08  0.634879   -0.519183
23.09  0.629647   -0.527062
23.1  0.624338   -0.534876
23.11  0.61895   -0.542623
23.12  0.613485   -0.550302
23.13  0.607944   -0.557913
23.14  0.602327   -0.565454
23.15  0.596636   -0.572925
23.16  0.590869   -0.580324
23.17  0.585029   -0.587652
23.18  0.579116   -0.594905
23.19  0.573131   -0.602085
23.2  0.567075   -0.60919
23.21  0.560948   -0.616219
23.22  0.554751   -0.623171
23.23  0.548485   -0.630045
23.24  0.54215   -0.636841
23.25  0.535748   -0.643557
23.26  0.529279   -0.650194
23.27  0.522745   -0.656749
23.28  0.516145   -0.663222
23.29  0.50948   -0.669613
23.3  0.502753   -0.67592
23.31  0.495962   -0.682143
23.32  0.48911   -0.688281
23.33  0.482197   -0.694334
23.34  0.475224   -0.700299
23.35  0.468191   -0.706178
23.36  0.4611   -0.711968
23.37  0.453952   -0.71767
23.38  0.446747   -0.723282
23.39  0.439487   -0.728805
23.4  0.432172   -0.734236
23.41  0.424802   -0.739576
23.42  0.41738   -0.744823
23.43  0.409906   -0.749978
23.44  0.402381   -0.75504
23.45  0.394806   -0.760007
23.46  0.387181   -0.76488
23.47  0.379508   -0.769657
23.48  0.371788   -0.774338
23.49  0.364022   -0.778923
23.5  0.35621   -0.783411
23.51  0.348354   -0.787801
23.52  0.340455   -0.792093
23.53  0.332513   -0.796287
23.54  0.324529   -0.800381
23.55  0.316505   -0.804375
23.56  0.308442   -0.808269
23.57  0.30034   -0.812062
23.58  0.292201   -0.815755
23.59  0.284026   -0.819345
23.6  0.275815   -0.822834
23.61  0.267569   -0.826219
23.62  0.259291   -0.829502
23.63  0.250979   -0.832682
23.64  0.242637   -0.835758
23.65  0.234265   -0.838729
23.66  0.225863   -0.841596
23.67  0.217433   -0.844358
23.68  0.208976   -0.847015
23.69  0.200493   -0.849567
23.7  0.191985   -0.852012
23.71  0.183453   -0.854352
23.72  0.174898   -0.856585
23.73  0.166322   -0.858711
23.74  0.157725   -0.86073
23.75  0.149108   -0.862642
23.76  0.140472   -0.864446
23.77  0.131819   -0.866143
23.78  0.12315   -0.867732
23.79  0.114465   -0.869212
23.8  0.105766   -0.870585
23.81  0.0970535   -0.871848
23.82  0.0883292   -0.873004
23.83  0.0795938   -0.87405
23.84  0.0708485   -0.874987
23.85  0.0620944   -0.875816
23.86  0.0533326   -0.876535
23.87  0.0445641   -0.877145
23.88  0.03579   -0.877646
23.89  0.0270115   -0.878037
23.9  0.0182297   -0.878319
23.91  0.00944554   -0.878491
23.92  0.000660217   -0.878554
23.93  -0.00812518   -0.878508
23.94  -0.0169096   -0.878352
23.95  -0.0256919   -0.878086
23.96  -0.0344709   -0.877711
23.97  -0.0432457   -0.877227
23.98  -0.0520151   -0.876634
23.99  -0.060778   -0.875931
24  -0.0695334   -0.875119
24.01  -0.07828   -0.874198
24.02  -0.087017   -0.873168
24.03  -0.095743   -0.872029
24.04  -0.104457   -0.870781
24.05  -0.113158   -0.869425
24.06  -0.121845   -0.867961
24.07  -0.130517   -0.866389
24.08  -0.139173   -0.864708
24.09  -0.147811   -0.86292
24.1  -0.156431   -0.861024
24.11  -0.165031   -0.859021
24.12  -0.173611   -0.856911
24.13  -0.182169   -0.854694
24.14  -0.190704   -0.852371
24.15  -0.199216   -0.849941
24.16  -0.207703   -0.847406
24.17  -0.216164   -0.844765
24.18  -0.224598   -0.842018
24.19  -0.233004   -0.839167
24.2  -0.241381   -0.836211
24.21  -0.249728   -0.833151
24.22  -0.258043   -0.829987
24.23  -0.266327   -0.826719
24.24  -0.274577   -0.823349
24.25  -0.282794   -0.819876
24.26  -0.290975   -0.816301
24.27  -0.299119   -0.812624
24.28  -0.307227   -0.808846
24.29  -0.315296   -0.804967
24.3  -0.323326   -0.800987
24.31  -0.331315   -0.796908
24.32  -0.339264   -0.79273
24.33  -0.34717   -0.788453
24.34  -0.355032   -0.784077
24.35  -0.362851   -0.779604
24.36  -0.370624   -0.775034
24.37  -0.378351   -0.770367
24.38  -0.386031   -0.765604
24.39  -0.393663   -0.760745
24.4  -0.401246   -0.755792
24.41  -0.408778   -0.750745
24.42  -0.41626   -0.745604
24.43  -0.42369   -0.74037
24.44  -0.431067   -0.735044
24.45  -0.438391   -0.729627
24.46  -0.44566   -0.724118
24.47  -0.452873   -0.718519
24.48  -0.46003   -0.712831
24.49  -0.467129   -0.707054
24.5  -0.47417   -0.701188
24.51  -0.481153   -0.695236
24.52  -0.488075   -0.689196
24.53  -0.494936   -0.683071
24.54  -0.501736   -0.676861
24.55  -0.508473   -0.670566
24.56  -0.515147   -0.664188
24.57  -0.521757   -0.657727
24.58  -0.528301   -0.651184
24.59  -0.53478   -0.64456
24.6  -0.541192   -0.637855
24.61  -0.547537   -0.631071
24.62  -0.553813   -0.624209
24.63  -0.560021   -0.617268
24.64  -0.566159   -0.610251
24.65  -0.572226   -0.603158
24.66  -0.578221   -0.595989
24.67  -0.584145   -0.588746
24.68  -0.589996   -0.58143
24.69  -0.595774   -0.574042
24.7  -0.601477   -0.566582
24.71  -0.607105   -0.559051
24.72  -0.612658   -0.55145
24.73  -0.618134   -0.543781
24.74  -0.623533   -0.536044
24.75  -0.628854   -0.528241
24.76  -0.634098   -0.520371
24.77  -0.639262   -0.512437
24.78  -0.644346   -0.504438
24.79  -0.64935   -0.496377
24.8  -0.654273   -0.488254
24.81  -0.659115   -0.480071
24.82  -0.663875   -0.471827
24.83  -0.668551   -0.463524
24.84  -0.673145   -0.455164
24.85  -0.677655   -0.446747
24.86  -0.68208   -0.438275
24.87  -0.68642   -0.429748
24.88  -0.690674   -0.421167
24.89  -0.694843   -0.412534
24.9  -0.698925   -0.403849
24.91  -0.70292   -0.395114
24.92  -0.706827   -0.38633
24.93  -0.710646   -0.377497
24.94  -0.714377   -0.368618
24.95  -0.718018   -0.359693
24.96  -0.721571   -0.350722
24.97  -0.725033   -0.341708
24.98  -0.728405   -0.332652
24.99  -0.731686   -0.323554
25  -0.734876   -0.314416
25.01  -0.737974   -0.305238
25.02  -0.74098   -0.296023
25.03  -0.743894   -0.286771
25.04  -0.746715   -0.277482
25.05  -0.749444   -0.26816
25.06  -0.752079   -0.258804
25.07  -0.75462   -0.249415
25.08  -0.757067   -0.239996
25.09  -0.759419   -0.230547
25.1  -0.761678   -0.221069
25.11  -0.763841   -0.211563
25.12  -0.765909   -0.202031
25.13  -0.767881   -0.192474
25.14  -0.769758   -0.182893
25.15  -0.771539   -0.173289
25.16  -0.773224   -0.163663
25.17  -0.774812   -0.154017
25.18  -0.776304   -0.144352
25.19  -0.777699   -0.134669
25.2  -0.778997   -0.124969
25.21  -0.780199   -0.115254
25.22  -0.781302   -0.105524
25.23  -0.782309   -0.095781
25.24  -0.783218   -0.0860261
25.25  -0.78403   -0.0762605
25.26  -0.784743   -0.0664854
25.27  -0.785359   -0.0567019
25.28  -0.785877   -0.0469115
25.29  -0.786297   -0.0371151
25.3  -0.78662   -0.0273142
25.31  -0.786844   -0.0175098
25.32  -0.78697   -0.00770329
25.33  -0.786998   0.00210421
25.34  -0.786928   0.0119114
25.35  -0.78676   0.0217172
25.36  -0.786493   0.0315202
25.37  -0.786129   0.0413194
25.38  -0.785667   0.0511133
25.39  -0.785107   0.0609009
25.4  -0.784449   0.0706809
25.41  -0.783693   0.0804521
25.42  -0.78284   0.0902133
25.43  -0.781889   0.0999632
25.44  -0.780841   0.109701
25.45  -0.779695   0.119425
25.46  -0.778452   0.129133
25.47  -0.777112   0.138826
25.48  -0.775676   0.148502
25.49  -0.774143   0.158159
25.5  -0.772513   0.167796
25.51  -0.770787   0.177413
25.52  -0.768965   0.187007
25.53  -0.767047   0.196578
25.54  -0.765033   0.206124
25.55  -0.762924   0.215645
25.56  -0.76072   0.225139
25.57  -0.758422   0.234605
25.58  -0.756028   0.244042
25.59  -0.753541   0.253448
25.6  -0.750959   0.262822
25.61  -0.748284   0.272164
25.62  -0.745516   0.281472
25.63  -0.742655   0.290745
25.64  -0.739701   0.299982
25.65  -0.736656   0.309181
25.66  -0.733518   0.318342
25.67  -0.730289   0.327463
25.68  -0.726969   0.336543
25.69  -0.723558   0.345582
25.7  -0.720057   0.354577
25.71  -0.716467   0.363528
25.72  -0.712787   0.372434
25.73  -0.709018   0.381293
25.74  -0.705161   0.390105
25.75  -0.701216   0.398868
25.76  -0.697184   0.407582
25.77  -0.693065   0.416244
25.78  -0.688859   0.424855
25.79  -0.684568   0.433413
25.8  -0.680191   0.441917
25.81  -0.67573   0.450366
25.82  -0.671184   0.458759
25.83  -0.666555   0.467094
25.84  -0.661842   0.475372
25.85  -0.657048   0.48359
25.86  -0.652171   0.491747
25.87  -0.647213   0.499844
25.88  -0.642174   0.507878
25.89  -0.637055   0.515849
25.9  -0.631857   0.523756
25.91  -0.626581   0.531597
25.92  -0.621226   0.539372
25.93  -0.615793   0.54708
25.94  -0.610284   0.55472
25.95  -0.604699   0.562291
25.96  -0.599039   0.569791
25.97  -0.593304   0.577221
25.98  -0.587495   0.584579
25.99  -0.581612   0.591863
26  -0.575657   0.599074
26.01  -0.569631   0.606211
26.02  -0.563534   0.613272
26.03  -0.557366   0.620256
26.04  -0.551129   0.627163
26.05  -0.544823   0.633992
26.06  -0.538449   0.640742
26.07  -0.532008   0.647412
26.08  -0.525501   0.654002
26.09  -0.518928   0.660509
26.1  -0.512291   0.666935
26.11  -0.50559   0.673278
26.12  -0.498826   0.679536
26.13  -0.492   0.68571
26.14  -0.485112   0.691798
26.15  -0.478164   0.697801
26.16  -0.471156   0.703716
26.17  -0.46409   0.709544
26.18  -0.456966   0.715283
26.19  -0.449785   0.720933
26.2  -0.442547   0.726493
26.21  -0.435255   0.731963
26.22  -0.427908   0.737341
26.23  -0.420508   0.742628
26.24  -0.413056   0.747822
26.25  -0.405552   0.752922
26.26  -0.397998   0.757929
26.27  -0.390394   0.762842
26.28  -0.382742   0.767659
26.29  -0.375041   0.772381
26.3  -0.367294   0.777007
26.31  -0.359501   0.781535
26.32  -0.351664   0.785967
26.33  -0.343782   0.7903
26.34  -0.335858   0.794535
26.35  -0.327892   0.798671
26.36  -0.319885   0.802707
26.37  -0.311838   0.806643
26.38  -0.303753   0.810479
26.39  -0.295629   0.814214
26.4  -0.287469   0.817847
26.41  -0.279272   0.821379
26.42  -0.271041   0.824808
26.43  -0.262777   0.828134
26.44  -0.254479   0.831357
26.45  -0.24615   0.834477
26.46  -0.23779   0.837492
26.47  -0.2294   0.840403
26.48  -0.220982   0.843209
26.49  -0.212536   0.845911
26.5  -0.204064   0.848507
26.51  -0.195567   0.850997
26.52  -0.187045   0.853381
26.53  -0.178499   0.855659
26.54  -0.169932   0.85783
26.55  -0.161343   0.859894
26.56  -0.152734   0.861851
26.57  -0.144107   0.863701
26.58  -0.135461   0.865443
26.59  -0.126798   0.867077
26.6  -0.11812   0.868603
26.61  -0.109426   0.870021
26.62  -0.100719   0.87133
26.63  -0.0920001   0.872531
26.64  -0.0832692   0.873623
26.65  -0.074528   0.874606
26.66  -0.0657775   0.875481
26.67  -0.0570187   0.876246
26.68  -0.0482529   0.876902
26.69  -0.0394811   0.877448
26.7  -0.0307043   0.877886
26.71  -0.0219237   0.878214
26.72  -0.0131404   0.878432
26.73  -0.00435544   0.878541
26.74  0.00443005   0.878541
26.75  0.013215   0.878431
26.76  0.0219983   0.878211
26.77  0.0307789   0.877882
26.78  0.0395556   0.877444
26.79  0.0483274   0.876897
26.8  0.0570932   0.87624
26.81  0.0658518   0.875474
26.82  0.0746023   0.874598
26.83  0.0833434   0.873614
26.84  0.0920742   0.872521
26.85  0.100793   0.871319
26.86  0.1095   0.870009
26.87  0.118193   0.86859
26.88  0.126872   0.867063
26.89  0.135534   0.865428
26.9  0.14418   0.863685
26.91  0.152808   0.861835
26.92  0.161416   0.859877
26.93  0.170005   0.857812
26.94  0.178572   0.85564
26.95  0.187117   0.853361
26.96  0.195639   0.850976
26.97  0.204136   0.848485
26.98  0.212608   0.845888
26.99  0.221054   0.843186
27  0.229472   0.840379
27.01  0.237861   0.837467
27.02  0.246221   0.83445
27.03  0.25455   0.83133
27.04  0.262847   0.828106
27.05  0.271111   0.824779
27.06  0.279342   0.821349
27.07  0.287538   0.817817
27.08  0.295698   0.814183
27.09  0.303821   0.810447
27.1  0.311907   0.80661
27.11  0.319953   0.802673
27.12  0.32796   0.798636
27.13  0.335926   0.794499
27.14  0.34385   0.790264
27.15  0.351731   0.785929
27.16  0.359568   0.781497
27.17  0.36736   0.776968
27.18  0.375107   0.772341
27.19  0.382807   0.767619
27.2  0.390459   0.7628
27.21  0.398062   0.757887
27.22  0.405616   0.752879
27.23  0.41312   0.747778
27.24  0.420572   0.742583
27.25  0.427971   0.737296
27.26  0.435317   0.731916
27.27  0.442609   0.726446
27.28  0.449846   0.720885
27.29  0.457026   0.715234
27.3  0.46415   0.709494
27.31  0.471216   0.703666
27.32  0.478223   0.69775
27.33  0.485171   0.691747
27.34  0.492058   0.685658
27.35  0.498884   0.679483
27.36  0.505647   0.673224
27.37  0.512348   0.666881
27.38  0.518985   0.660454
27.39  0.525557   0.653946
27.4  0.532063   0.647356
27.41  0.538503   0.640685
27.42  0.544877   0.633934
27.43  0.551182   0.627105
27.44  0.557418   0.620197
27.45  0.563586   0.613212
27.46  0.569682   0.60615
27.47  0.575708   0.599013
27.48  0.581662   0.591802
27.49  0.587544   0.584516
27.5  0.593353   0.577158
27.51  0.599087   0.569728
27.52  0.604747   0.562227
27.53  0.610331   0.554656
27.54  0.61584   0.547015
27.55  0.621271   0.539307
27.56  0.626626   0.531531
27.57  0.631902   0.523689
27.58  0.637099   0.515782
27.59  0.642217   0.50781
27.6  0.647255   0.499775
27.61  0.652213   0.491678
27.62  0.657089   0.48352
27.63  0.661883   0.475301
27.64  0.666594   0.467024
27.65  0.671223   0.458688
27.66  0.675768   0.450294
27.67  0.680229   0.441845
27.68  0.684605   0.433341
27.69  0.688895   0.424782
27.7  0.6931   0.416171
27.71  0.697219   0.407508
27.72  0.70125   0.398794
27.73  0.705194   0.39003
27.74  0.709051   0.381218
27.75  0.712819   0.372358
27.76  0.716498   0.363452
27.77  0.720087   0.354501
27.78  0.723588   0.345505
27.79  0.726997   0.336466
27.8  0.730317   0.327386
27.81  0.733545   0.318264
27.82  0.736682   0.309103
27.83  0.739727   0.299904
27.84  0.74268   0.290667
27.85  0.74554   0.281393
27.86  0.748308   0.272085
27.87  0.750982   0.262743
27.88  0.753562   0.253368
27.89  0.756049   0.243962
27.9  0.758441   0.234525
27.91  0.760739   0.225059
27.92  0.762943   0.215564
27.93  0.765051   0.206043
27.94  0.767063   0.196497
27.95  0.76898   0.186925
27.96  0.770802   0.177331
27.97  0.772527   0.167714
27.98  0.774156   0.158077
27.99  0.775688   0.14842
28  0.777124   0.138744
28.01  0.778463   0.129051
28.02  0.779705   0.119342
28.03  0.78085   0.109618
28.04  0.781898   0.0998805
28.05  0.782848   0.0901305
28.06  0.7837   0.0803692
28.07  0.784455   0.0705979
28.08  0.785112   0.0608178
28.09  0.785671   0.0510302
28.1  0.786133   0.0412362
28.11  0.786496   0.031437
28.12  0.786761   0.0216339
28.13  0.786929   0.0118282
28.14  0.786998   0.00202092
28.15  0.786969   -0.00778658
28.16  0.786842   -0.0175931
28.17  0.786617   -0.0273974
28.18  0.786294   -0.0371984
28.19  0.785873   -0.0469946
28.2  0.785354   -0.0567851
28.21  0.784738   -0.0665684
28.22  0.784023   -0.0763435
28.23  0.783211   -0.086109
28.24  0.782301   -0.0958638
28.25  0.781294   -0.105607
28.26  0.780189   -0.115336
28.27  0.778987   -0.125052
28.28  0.777688   -0.134751
28.29  0.776292   -0.144434
28.3  0.774799   -0.154099
28.31  0.77321   -0.163745
28.32  0.771524   -0.17337
28.33  0.769743   -0.182974
28.34  0.767865   -0.192555
28.35  0.765892   -0.202112
28.36  0.763823   -0.211644
28.37  0.761659   -0.221149
28.38  0.7594   -0.230627
28.39  0.757046   -0.240076
28.4  0.754598   -0.249495
28.41  0.752057   -0.258883
28.42  0.749421   -0.268239
28.43  0.746692   -0.277562
28.44  0.74387   -0.286849
28.45  0.740955   -0.296101
28.46  0.737948   -0.305317
28.47  0.734849   -0.314494
28.48  0.731658   -0.323632
28.49  0.728376   -0.332729
28.5  0.725004   -0.341785
28.51  0.721541   -0.350799
28.52  0.717988   -0.359769
28.53  0.714346   -0.368693
28.54  0.710614   -0.377572
28.55  0.706794   -0.386404
28.56  0.702886   -0.395188
28.57  0.698891   -0.403923
28.58  0.694808   -0.412607
28.59  0.690639   -0.42124
28.6  0.686383   -0.42982
28.61  0.682042   -0.438347
28.62  0.677617   -0.446819
28.63  0.673106   -0.455236
28.64  0.668512   -0.463595
28.65  0.663835   -0.471897
28.66  0.659074   -0.48014
28.67  0.654232   -0.488324
28.68  0.649308   -0.496446
28.69  0.644303   -0.504507
28.7  0.639218   -0.512504
28.71  0.634053   -0.520438
28.72  0.62881   -0.528307
28.73  0.623487   -0.53611
28.74  0.618088   -0.543847
28.75  0.612611   -0.551515
28.76  0.607058   -0.559115
28.77  0.601429   -0.566645
28.78  0.595725   -0.574105
28.79  0.589947   -0.581493
28.8  0.584095   -0.588808
28.81  0.578171   -0.59605
28.82  0.572174   -0.603218
28.83  0.566107   -0.610311
28.84  0.559968   -0.617328
28.85  0.55376   -0.624267
28.86  0.547483   -0.631129
28.87  0.541138   -0.637913
28.88  0.534725   -0.644616
28.89  0.528246   -0.65124
28.9  0.521701   -0.657782
28.91  0.515091   -0.664242
28.92  0.508416   -0.67062
28.93  0.501679   -0.676914
28.94  0.494878   -0.683124
28.95  0.488016   -0.689248
28.96  0.481094   -0.695287
28.97  0.474111   -0.701239
28.98  0.467069   -0.707103
28.99  0.459969   -0.71288
29  0.452812   -0.718567
29.01  0.445598   -0.724165
29.02  0.438329   -0.729673
29.03  0.431005   -0.73509
29.04  0.423627   -0.740415
29.05  0.416197   -0.745648
29.06  0.408715   -0.750788
29.07  0.401182   -0.755835
29.08  0.393598   -0.760787
29.09  0.385966   -0.765645
29.1  0.378286   -0.770407
29.11  0.370558   -0.775073
29.12  0.362785   -0.779642
29.13  0.354966   -0.784115
29.14  0.347103   -0.788489
29.15  0.339196   -0.792766
29.16  0.331248   -0.796943
29.17  0.323258   -0.801022
29.18  0.315228   -0.805
29.19  0.307158   -0.808878
29.2  0.29905   -0.812655
29.21  0.290905   -0.816332
29.22  0.282724   -0.819906
29.23  0.274508   -0.823378
29.24  0.266257   -0.826748
29.25  0.257973   -0.830014
29.26  0.249657   -0.833177
29.27  0.24131   -0.836236
29.28  0.232933   -0.839191
29.29  0.224526   -0.842042
29.3  0.216092   -0.844787
29.31  0.207631   -0.847428
29.32  0.199144   -0.849962
29.33  0.190632   -0.852391
29.34  0.182096   -0.854713
29.35  0.173538   -0.856929
29.36  0.164958   -0.859039
29.37  0.156358   -0.861041
29.38  0.147738   -0.862936
29.39  0.139099   -0.864723
29.4  0.130444   -0.866402
29.41  0.121772   -0.867974
29.42  0.113084   -0.869437
29.43  0.104383   -0.870793
29.44  0.095669   -0.872039
29.45  0.0869428   -0.873177
29.46  0.0782058   -0.874206
29.47  0.069459   -0.875126
29.48  0.0607036   -0.875937
29.49  0.0519407   -0.876639
29.5  0.0431712   -0.877232
29.51  0.0343964   -0.877715
29.52  0.0256173   -0.878089
29.53  0.016835   -0.878353
29.54  0.00805058   -0.878509
29.55  -0.000734828   -0.878554
29.56  -0.00952014   -0.87849
29.57  -0.0183043   -0.878317
29.58  -0.0270861   -0.878034
29.59  -0.0358646   -0.877642
29.6  -0.0446386   -0.87714
29.61  -0.053407   -0.876529
29.62  -0.0621688   -0.875809
29.63  -0.0709228   -0.87498
29.64  -0.079668   -0.874041
29.65  -0.0884033   -0.872994
29.66  -0.0971276   -0.871838
29.67  -0.10584   -0.870573
29.68  -0.114539   -0.8692
29.69  -0.123223   -0.867719
29.7  -0.131893   -0.866129
29.71  -0.140546   -0.864431
29.72  -0.149181   -0.862626
29.73  -0.157798   -0.860713
29.74  -0.166395   -0.858693
29.75  -0.174971   -0.856566
29.76  -0.183526   -0.854332
29.77  -0.192058   -0.851992
29.78  -0.200565   -0.849546
29.79  -0.209048   -0.846993
29.8  -0.217505   -0.844335
29.81  -0.225934   -0.841572
29.82  -0.234336   -0.838704
29.83  -0.242708   -0.835732
29.84  -0.25105   -0.832655
29.85  -0.259361   -0.829475
29.86  -0.267639   -0.826191
29.87  -0.275884   -0.822804
29.88  -0.284095   -0.819315
29.89  -0.29227   -0.815724
29.9  -0.300409   -0.812031
29.91  -0.308511   -0.808236
29.92  -0.316574   -0.804341
29.93  -0.324597   -0.800346
29.94  -0.33258   -0.796251
29.95  -0.340522   -0.792057
29.96  -0.348421   -0.787764
29.97  -0.356277   -0.783373
29.98  -0.364088   -0.778885
29.99  -0.371854   -0.774299
30  -0.379574   -0.769617
30.01  -0.387246   -0.764839
30.02  -0.39487   -0.759965
30.03  -0.402445   -0.754997
30.04  -0.40997   -0.749935
30.05  -0.417444   -0.744779
30.06  -0.424865   -0.739531
30.07  -0.432234   -0.73419
30.08  -0.439549   -0.728758
30.09  -0.446809   -0.723235
30.1  -0.454013   -0.717622
30.11  -0.461161   -0.711919
30.12  -0.468251   -0.706128
30.13  -0.475283   -0.700249
30.14  -0.482256   -0.694283
30.15  -0.489169   -0.68823
30.16  -0.49602   -0.682091
30.17  -0.50281   -0.675867
30.18  -0.509537   -0.669559
30.19  -0.516201   -0.663168
30.2  -0.5228   -0.656693
30.21  -0.529335   -0.650137
30.22  -0.535803   -0.643501
30.23  -0.542204   -0.636783
30.24  -0.548538   -0.629987
30.25  -0.554804   -0.623112
30.26  -0.561   -0.616159
30.27  -0.567127   -0.60913
30.28  -0.573183   -0.602024
30.29  -0.579167   -0.594844
30.3  -0.585079   -0.58759
30.31  -0.590918   -0.580262
30.32  -0.596684   -0.572862
30.33  -0.602375   -0.56539
30.34  -0.607992   -0.557849
30.35  -0.613532   -0.550237
30.36  -0.618996   -0.542557
30.37  -0.624383   -0.53481
30.38  -0.629692   -0.526995
30.39  -0.634923   -0.519115
30.4  -0.640074   -0.511171
30.41  -0.645146   -0.503163
30.42  -0.650137   -0.495092
30.43  -0.655048   -0.486959
30.44  -0.659876   -0.478766
30.45  -0.664623   -0.470512
30.46  -0.669286   -0.462201
30.47  -0.673867   -0.453832
30.48  -0.678363   -0.445406
30.49  -0.682775   -0.436924
30.5  -0.687101   -0.428389
30.51  -0.691342   -0.419799
30.52  -0.695497   -0.411158
30.53  -0.699565   -0.402465
30.54  -0.703546   -0.393722
30.55  -0.707439   -0.38493
30.56  -0.711245   -0.37609
30.57  -0.714961   -0.367204
30.58  -0.718588   -0.358271
30.59  -0.722126   -0.349294
30.6  -0.725574   -0.340273
30.61  -0.728932   -0.33121
30.62  -0.732198   -0.322106
30.63  -0.735374   -0.312961
30.64  -0.738457   -0.303778
30.65  -0.741449   -0.294556
30.66  -0.744348   -0.285298
30.67  -0.747155   -0.276004
30.68  -0.749868   -0.266676
30.69  -0.752488   -0.257315
30.7  -0.755015   -0.247922
30.71  -0.757447   -0.238498
30.72  -0.759784   -0.229044
30.73  -0.762027   -0.219561
30.74  -0.764176   -0.210051
30.75  -0.766228   -0.200515
30.76  -0.768186   -0.190954
30.77  -0.770047   -0.181369
30.78  -0.771813   -0.171762
30.79  -0.773483   -0.162133
30.8  -0.775056   -0.152484
30.81  -0.776532   -0.142816
30.82  -0.777912   -0.13313
30.83  -0.779195   -0.123428
30.84  -0.78038   -0.11371
30.85  -0.781469   -0.103978
30.86  -0.78246   -0.0942328
30.87  -0.783353   -0.0844761
30.88  -0.784149   -0.0747089
30.89  -0.784848   -0.0649324
30.9  -0.785448   -0.0551478
30.91  -0.785951   -0.0453563
30.92  -0.786355   -0.0355591
30.93  -0.786662   -0.0257576
30.94  -0.78687   -0.0159528
30.95  -0.786981   -0.006146
30.96  -0.786993   0.00366154
30.97  -0.786908   0.0134686
30.98  -0.786724   0.023274
30.99  -0.786442   0.0330765
31  -0.786062   0.0428749
31.01  -0.785585   0.0526679
31.02  -0.785009   0.0624544
31.03  -0.784335   0.0722331
31.04  -0.783564   0.0820028
31.05  -0.782695   0.0917623
31.06  -0.781729   0.10151
31.07  -0.780665   0.111246
31.08  -0.779504   0.120967
31.09  -0.778246   0.130674
31.1  -0.776891   0.140364
31.11  -0.775439   0.150036
31.12  -0.77389   0.15969
31.13  -0.772245   0.169325
31.14  -0.770504   0.178938
31.15  -0.768666   0.188528
31.16  -0.766733   0.198095
31.17  -0.764705   0.207638
31.18  -0.762581   0.217154
31.19  -0.760362   0.226644
31.2  -0.758048   0.236105
31.21  -0.75564   0.245537
31.22  -0.753137   0.254939
31.23  -0.750541   0.264308
31.24  -0.747851   0.273645
31.25  -0.745068   0.282947
31.26  -0.742192   0.292214
31.27  -0.739224   0.301445
31.28  -0.736163   0.310638
31.29  -0.733011   0.319793
31.3  -0.729768   0.328908
31.31  -0.726433   0.337981
31.32  -0.723008   0.347013
31.33  -0.719493   0.356001
31.34  -0.715888   0.364945
31.35  -0.712194   0.373844
31.36  -0.708412   0.382695
31.37  -0.704541   0.3915
31.38  -0.700582   0.400255
31.39  -0.696536   0.408961
31.4  -0.692403   0.417615
31.41  -0.688184   0.426218
31.42  -0.683879   0.434767
31.43  -0.679488   0.443262
31.44  -0.675014   0.451702
31.45  -0.670455   0.460086
31.46  -0.665812   0.468412
31.47  -0.661087   0.47668
31.48  -0.656279   0.484889
31.49  -0.651389   0.493037
31.5  -0.646418   0.501124
31.51  -0.641367   0.509148
31.52  -0.636235   0.517109
31.53  -0.631025   0.525005
31.54  -0.625735   0.532836
31.55  -0.620368   0.540601
31.56  -0.614924   0.548298
31.57  -0.609402   0.555927
31.58  -0.603805   0.563487
31.59  -0.598133   0.570976
31.6  -0.592386   0.578394
31.61  -0.586565   0.58574
31.62  -0.580672   0.593013
31.63  -0.574705   0.600213
31.64  -0.568668   0.607337
31.65  -0.562559   0.614386
31.66  -0.55638   0.621358
31.67  -0.550132   0.628253
31.68  -0.543815   0.635069
31.69  -0.537431   0.641806
31.7  -0.530979   0.648464
31.71  -0.524462   0.65504
31.72  -0.517879   0.661535
31.73  -0.511231   0.667948
31.74  -0.50452   0.674277
31.75  -0.497746   0.680522
31.76  -0.49091   0.686682
31.77  -0.484013   0.692757
31.78  -0.477055   0.698746
31.79  -0.470038   0.704647
31.8  -0.462963   0.710461
31.81  -0.455829   0.716186
31.82  -0.448639   0.721822
31.83  -0.441393   0.727367
31.84  -0.434092   0.732823
31.85  -0.426737   0.738187
31.86  -0.419329   0.743458
31.87  -0.411868   0.748638
31.88  -0.404356   0.753724
31.89  -0.396794   0.758716
31.9  -0.389182   0.763613
31.91  -0.381522   0.768415
31.92  -0.373814   0.773122
31.93  -0.36606   0.777732
31.94  -0.35826   0.782245
31.95  -0.350415   0.786661
31.96  -0.342527   0.790979
31.97  -0.334596   0.795198
31.98  -0.326623   0.799318
31.99  -0.31861   0.803339
32  -0.310557   0.807259
32.01  -0.302465   0.811079
32.02  -0.294336   0.814798
32.03  -0.286169   0.818415
32.04  -0.277968   0.82193
32.05  -0.269731   0.825343
32.06  -0.261461   0.828653
32.07  -0.253159   0.831859
32.08  -0.244824   0.834962
32.09  -0.23646   0.837961
32.1  -0.228065   0.840856
32.11  -0.219643   0.843645
32.12  -0.211193   0.84633
32.13  -0.202717   0.848909
32.14  -0.194215   0.851382
32.15  -0.185689   0.85375
32.16  -0.17714   0.85601
32.17  -0.168569   0.858165
32.18  -0.159977   0.860212
32.19  -0.151366   0.862152
32.2  -0.142735   0.863984
32.21  -0.134086   0.865709
32.22  -0.125421   0.867326
32.23  -0.11674   0.868835
32.24  -0.108045   0.870236
32.25  -0.0993357   0.871528
32.26  -0.0906145   0.872712
32.27  -0.0818819   0.873786
32.28  -0.0731391   0.874752
32.29  -0.0643872   0.875609
32.3  -0.0556273   0.876357
32.31  -0.0468604   0.876996
32.32  -0.0380877   0.877525
32.33  -0.0293103   0.877945
32.34  -0.0205292   0.878256
32.35  -0.0117455   0.878457
32.36  -0.00296041   0.878548
32.37  0.00582507   0.87853
32.38  0.0146098   0.878403
32.39  0.0233928   0.878166
32.4  0.0321728   0.87782
32.41  0.0409488   0.877364
32.42  0.0497197   0.876799
32.43  0.0584844   0.876125
32.44  0.0672419   0.875342
32.45  0.0759909   0.874449
32.46  0.0847305   0.873448
32.47  0.0934595   0.872338
32.48  0.102177   0.871119
32.49  0.110882   0.869791
32.5  0.119572   0.868355
32.51  0.128248   0.866811
32.52  0.136908   0.865159
32.53  0.145551   0.863399
32.54  0.154176   0.861531
32.55  0.162781   0.859556
32.56  0.171367   0.857474
32.57  0.17993   0.855285
32.58  0.188472   0.852989
32.59  0.19699   0.850588
32.6  0.205483   0.84808
32.61  0.213951   0.845466
32.62  0.222392   0.842747
32.63  0.230806   0.839923
32.64  0.23919   0.836995
32.65  0.247545   0.833962
32.66  0.255869   0.830825
32.67  0.264161   0.827585
32.68  0.272421   0.824241
32.69  0.280646   0.820795
32.7  0.288836   0.817247
32.71  0.29699   0.813596
32.72  0.305108   0.809845
32.73  0.313187   0.805992
32.74  0.321227   0.802039
32.75  0.329227   0.797986
32.76  0.337187   0.793833
32.77  0.345104   0.789582
32.78  0.352978   0.785232
32.79  0.360808   0.780785
32.8  0.368593   0.77624
32.81  0.376333   0.771598
32.82  0.384025   0.76686
32.83  0.39167   0.762027
32.84  0.399265   0.757098
32.85  0.406811   0.752076
32.86  0.414306   0.746959
32.87  0.42175   0.74175
32.88  0.429141   0.736448
32.89  0.436479   0.731054
32.9  0.443762   0.725569
32.91  0.45099   0.719994
32.92  0.458161   0.714329
32.93  0.465276   0.708575
32.94  0.472333   0.702733
32.95  0.47933   0.696803
32.96  0.486268   0.690786
32.97  0.493146   0.684683
32.98  0.499962   0.678495
32.99  0.506715   0.672222
33  0.513406   0.665866
33.01  0.520032   0.659426
33.02  0.526594   0.652905
33.03  0.53309   0.646302
33.04  0.53952   0.639618
33.05  0.545882   0.632855
33.06  0.552177   0.626013
33.07  0.558402   0.619093
33.08  0.564558   0.612096
33.09  0.570644   0.605022
33.1  0.576659   0.597873
33.11  0.582601   0.59065
33.12  0.588471   0.583353
33.13  0.594268   0.575983
33.14  0.599991   0.568542
33.15  0.605639   0.561029
33.16  0.611211   0.553447
33.17  0.616707   0.545796
33.18  0.622127   0.538076
33.19  0.627469   0.53029
33.2  0.632732   0.522438
33.21  0.637917   0.51452
33.22  0.643023   0.506539
33.23  0.648048   0.498494
33.24  0.652992   0.490387
33.25  0.657855   0.482219
33.26  0.662636   0.473991
33.27  0.667335   0.465704
33.28  0.67195   0.457359
33.29  0.676482   0.448956
33.3  0.680929   0.440498
33.31  0.685292   0.431985
33.32  0.689569   0.423418
33.33  0.69376   0.414799
33.34  0.697865   0.406128
33.35  0.701882   0.397406
33.36  0.705813   0.388634
33.37  0.709655   0.379814
33.38  0.713409   0.370947
33.39  0.717074   0.362034
33.4  0.720649   0.353075
33.41  0.724135   0.344073
33.42  0.727531   0.335027
33.43  0.730835   0.32594
33.44  0.734049   0.316812
33.45  0.737172   0.307645
33.46  0.740202   0.298439
33.47  0.74314   0.289197
33.48  0.745986   0.279918
33.49  0.748738   0.270604
33.5  0.751398   0.261256
33.51  0.753963   0.251876
33.52  0.756435   0.242465
33.53  0.758813   0.233023
33.54  0.761096   0.223553
33.55  0.763284   0.214054
33.56  0.765377   0.204529
33.57  0.767374   0.194978
33.58  0.769276   0.185403
33.59  0.771082   0.175805
33.6  0.772792   0.166185
33.61  0.774406   0.156545
33.62  0.775923   0.146885
33.63  0.777343   0.137206
33.64  0.778667   0.12751
33.65  0.779894   0.117799
33.66  0.781023   0.108073
33.67  0.782055   0.0983331
33.68  0.78299   0.0885812
33.69  0.783827   0.0788183
33.7  0.784566   0.0690455
33.71  0.785207   0.0592641
33.72  0.785751   0.0494754
33.73  0.786197   0.0396805
33.74  0.786545   0.0298806
33.75  0.786794   0.020077
33.76  0.786946   0.0102709
33.77  0.787   0.000463584
33.78  0.786955   -0.00934384
33.79  0.786813   -0.0191501
33.8  0.786572   -0.028954
33.81  0.786234   -0.0387542
33.82  0.785797   -0.0485497
33.83  0.785263   -0.058339
33.84  0.784631   -0.0681212
33.85  0.783901   -0.0778948
33.86  0.783073   -0.0876587
33.87  0.782147   -0.0974117
33.88  0.781125   -0.107153
33.89  0.780004   -0.11688
33.9  0.778787   -0.126593
33.91  0.777473   -0.13629
33.92  0.776061   -0.14597
33.93  0.774553   -0.155632
33.94  0.772949   -0.165275
33.95  0.771248   -0.174897
33.96  0.769451   -0.184497
33.97  0.767558   -0.194074
33.98  0.765569   -0.203627
33.99  0.763486   -0.213155
34  0.761306   -0.222656
34.01  0.759033   -0.232129
34.02  0.756664   -0.241574
34.03  0.754201   -0.250988
34.04  0.751644   -0.260371
34.05  0.748994   -0.269722
34.06  0.74625   -0.279039
34.07  0.743413   -0.288321
34.08  0.740484   -0.297567
34.09  0.737462   -0.306776
34.1  0.734348   -0.315947
34.11  0.731143   -0.325079
34.12  0.727847   -0.33417
34.13  0.72446   -0.343219
34.14  0.720983   -0.352226
34.15  0.717415   -0.361189
34.16  0.713759   -0.370106
34.17  0.710014   -0.378978
34.18  0.70618   -0.387802
34.19  0.702258   -0.396579
34.2  0.698248   -0.405305
34.21  0.694152   -0.413981
34.22  0.689969   -0.422606
34.23  0.6857   -0.431178
34.24  0.681345   -0.439696
34.25  0.676906   -0.448159
34.26  0.672382   -0.456567
34.27  0.667775   -0.464917
34.28  0.663084   -0.47321
34.29  0.658311   -0.481444
34.3  0.653456   -0.489617
34.31  0.648519   -0.49773
34.32  0.643501   -0.505781
34.33  0.638403   -0.513768
34.34  0.633226   -0.521692
34.35  0.62797   -0.529551
34.36  0.622635   -0.537343
34.37  0.617223   -0.545069
34.38  0.611734   -0.552727
34.39  0.606169   -0.560315
34.4  0.600528   -0.567834
34.41  0.594812   -0.575283
34.42  0.589023   -0.582659
34.43  0.583159   -0.589963
34.44  0.577224   -0.597194
34.45  0.571216   -0.60435
34.46  0.565137   -0.61143
34.47  0.558987   -0.618435
34.48  0.552768   -0.625362
34.49  0.54648   -0.632212
34.5  0.540124   -0.638982
34.51  0.533701   -0.645674
34.52  0.527211   -0.652284
34.53  0.520656   -0.658813
34.54  0.514035   -0.665261
34.55  0.507351   -0.671625
34.56  0.500603   -0.677906
34.57  0.493793   -0.684102
34.58  0.486921   -0.690213
34.59  0.479989   -0.696238
34.6  0.472997   -0.702176
34.61  0.465946   -0.708026
34.62  0.458836   -0.713789
34.63  0.45167   -0.719462
34.64  0.444448   -0.725046
34.65  0.43717   -0.730539
34.66  0.429837   -0.735942
34.67  0.422451   -0.741252
34.68  0.415012   -0.746471
34.69  0.407522   -0.751596
34.7  0.399981   -0.756627
34.71  0.39239   -0.761565
34.72  0.38475   -0.766407
34.73  0.377062   -0.771154
34.74  0.369327   -0.775805
34.75  0.361546   -0.780359
34.76  0.35372   -0.784816
34.77  0.34585   -0.789175
34.78  0.337937   -0.793436
34.79  0.329982   -0.797598
34.8  0.321985   -0.80166
34.81  0.313949   -0.805623
34.82  0.305873   -0.809485
34.83  0.297759   -0.813246
34.84  0.289609   -0.816906
34.85  0.281422   -0.820464
34.86  0.2732   -0.82392
34.87  0.264944   -0.827273
34.88  0.256655   -0.830523
34.89  0.248334   -0.83367
34.9  0.239982   -0.836713
34.91  0.2316   -0.839651
34.92  0.223189   -0.842485
34.93  0.21475   -0.845214
34.94  0.206285   -0.847837
34.95  0.197794   -0.850355
34.96  0.189278   -0.852767
34.97  0.180739   -0.855072
34.98  0.172177   -0.857272
34.99  0.163594   -0.859364
