0  0  100
0  0.1  100
0  0.2  100
0  0.3  100
0  0.4  100
0  0.5  100
0  0.6  100
0  0.7  100
0  0.8  100
0  0.9  100
0  1  100

0.1  0  0
0.1  0.1  25.5
0.1  0.2  31.875
0.1  0.3  33.4688
0.1  0.4  33.8672
0.1  0.5  33.9668
0.1  0.6  33.9917
0.1  0.7  33.9979
0.1  0.8  33.9995
0.1  0.9  33.7499
0.1  1  0

0.2  0  0
0.2  0.1  6.875
0.2  0.2  10.1875
0.2  0.3  11.4141
0.2  0.4  11.8203
0.2  0.5  11.9468
0.2  0.6  11.9846
0.2  0.7  11.9956
0.2  0.8  11.9988
0.2  0.9  11.6872
0.2  1  0

0.3  0  0
0.3  0.1  2.21875
0.3  0.2  3.60156
0.3  0.3  4.25391
0.3  0.4  4.51855
0.3  0.5  4.61633
0.3  0.6  4.65024
0.3  0.7  4.66147
0.3  0.8  4.66506
0.3  0.9  4.33806
0.3  1  0

0.4  0  0
0.4  0.1  1.05469
0.4  0.2  1.66406
0.4  0.3  1.97949
0.4  0.4  2.12451
0.4  0.5  2.18521
0.4  0.6  2.20886
0.4  0.7  2.21758
0.4  0.8  2.22066
0.4  0.9  1.88968
0.4  1  0

0.5  0  0
0.5  0.1  0.763672
0.5  0.2  1.10693
0.5  0.3  1.27161
0.5  0.4  1.34903
0.5  0.5  1.38356
0.5  0.6  1.39811
0.5  0.7  1.40392
0.5  0.8  1.40615
0.5  0.9  1.07396
0.5  1  0

0.6  0  0
0.6  0.1  0.690918
0.6  0.2  0.949463
0.6  0.3  1.05527
0.6  0.4  1.10107
0.6  0.5  1.12116
0.6  0.6  1.12982
0.6  0.7  1.13343
0.6  0.8  1.1349
0.6  0.9  0.802213
0.6  1  0

0.7  0  0
0.7  0.1  0.672729
0.7  0.2  0.905548
0.7  0.3  0.990204
0.7  0.4  1.02282
0.7  0.5  1.03599
0.7  0.6  1.04145
0.7  0.7  1.04372
0.7  0.8  1.04465
0.7  0.9  0.711717
0.7  1  0

0.8  0  0
0.8  0.1  0.418182
0.8  0.2  0.580933
0.8  0.3  0.642784
0.8  0.4  0.666401
0.8  0.5  0.675599
0.8  0.6  0.679263
0.8  0.7  0.680746
0.8  0.8  0.68135
0.8  0.9  0.348267
0.8  1  0

0.9  0  0
0.9  0.1  0
0.9  0.2  0
0.9  0.3  0
0.9  0.4  0
0.9  0.5  0
0.9  0.6  0
0.9  0.7  0
0.9  0.8  0
0.9  0.9  0
0.9  1  0

