0	1.66666e-05	4.16666e-06	2.08334e-11	1.30207e-12
0.01	6.66678e-05	4.16666e-06	1.66673e-05	1.30196e-12
0.02	0.000116679	4.16666e-06	3.33379e-05	1.30329e-12
0.03	0.00016671	4.16666e-06	5.00152e-05	1.30163e-12
0.04	0.000216772	4.16666e-06	6.67025e-05	1.30163e-12
0.05	0.000266873	4.16666e-06	8.34032e-05	1.30151e-12
0.06	0.000317025	4.16666e-06	0.000100121	1.30029e-12
0.07	0.000367236	4.16666e-06	0.000116858	1.30029e-12
0.08	0.000417519	4.16666e-06	0.000133619	1.30063e-12
0.09	0.000467882	4.16666e-06	0.000150407	1.30118e-12
0.1	0.000518336	4.16666e-06	0.000167225	1.30218e-12
0.11	0.000568891	4.16666e-06	0.000184077	1.30207e-12
0.12	0.000619558	4.16666e-06	0.000200966	1.30163e-12
0.13	0.000670348	4.16666e-06	0.000217896	1.30407e-12
0.14	0.00072127	4.16666e-06	0.000234871	1.29674e-12
0.15	0.000772336	4.16666e-06	0.000251893	1.30163e-12
0.16	0.000823557	4.16666e-06	0.000268967	1.30229e-12
0.17	0.000874944	4.16666e-06	0.000286096	1.3024e-12
0.18	0.000926507	4.16666e-06	0.000303284	1.30151e-12
0.19	0.000978258	4.16666e-06	0.000320534	1.29929e-12
0.2	0.00103021	4.16666e-06	0.000337851	1.29563e-12
0.21	0.00108237	4.16666e-06	0.000355239	1.29774e-12
0.22	0.00113475	4.16666e-06	0.000372701	1.30429e-12
0.23	0.00118737	4.16666e-06	0.000390241	1.29829e-12
0.24	0.00124024	4.16666e-06	0.000407863	1.29918e-12
0.25	0.00129337	4.16666e-06	0.000425572	1.30262e-12
0.26	0.00134676	4.16666e-06	0.000443371	1.2963e-12
0.27	0.00140045	4.16666e-06	0.000461266	1.29485e-12
0.28	0.00145443	4.16666e-06	0.000479259	1.31339e-12
0.29	0.00150872	4.16666e-06	0.000497357	1.29796e-12
0.3	0.00156333	4.16666e-06	0.000515563	1.31328e-12
0.31	0.00161829	4.16666e-06	0.000533881	1.30873e-12
0.32	0.0016736	4.16666e-06	0.000552318	1.30596e-12
0.33	0.00172928	4.16666e-06	0.000570877	1.30751e-12
0.34	0.00178534	4.16666e-06	0.000589564	1.31062e-12
0.35	0.00184179	4.16666e-06	0.000608383	1.29241e-12
0.36	0.00189867	4.16666e-06	0.000627341	1.29774e-12
0.37	0.00195597	4.16666e-06	0.000646441	1.29652e-12
0.38	0.00201371	4.16666e-06	0.000665691	1.31206e-12
0.39	0.00207192	4.16666e-06	0.000685094	1.29419e-12
0.4	0.00213062	4.16666e-06	0.000704658	1.30607e-12
0.41	0.0021898	4.16666e-06	0.000724388	1.29574e-12
0.42	0.00224951	4.16666e-06	0.000744291	1.29674e-12
0.43	0.00230975	4.16666e-06	0.000764372	1.3084e-12
0.44	0.00237055	4.16666e-06	0.000784638	1.30407e-12
0.45	0.00243192	4.16666e-06	0.000805095	1.30496e-12
0.46	0.00249389	4.16666e-06	0.000825751	1.29874e-12
0.47	0.00255647	4.16666e-06	0.000846613	1.30362e-12
0.48	0.0026197	4.16666e-06	0.000867688	1.30962e-12
0.49	0.00268359	4.16666e-06	0.000888984	1.28675e-12
0.5	0.00274816	4.16666e-06	0.000910508	1.32283e-12
0.51	0.00281344	4.16666e-06	0.000932268	1.31939e-12
0.52	0.00287945	4.16666e-06	0.000954274	1.34326e-12
0.53	0.00294623	4.16666e-06	0.000976532	1.3487e-12
0.54	0.00301379	4.16666e-06	0.000999054	1.33527e-12
0.55	0.00308217	4.16666e-06	0.00102185	1.30662e-12
0.56	0.00315139	4.16666e-06	0.00104492	1.33726e-12
0.57	0.00322148	4.16666e-06	0.00106829	1.32316e-12
0.58	0.00329248	4.16666e-06	0.00109195	1.34237e-12
0.59	0.00336442	4.16666e-06	0.00111593	1.32272e-12
0.6	0.00343732	4.16666e-06	0.00114023	1.36136e-12
0.61	0.00351123	4.16666e-06	0.00116487	1.3094e-12
0.62	0.00358618	4.16666e-06	0.00118985	1.32649e-12
0.63	0.00366221	4.16666e-06	0.0012152	1.36058e-12
0.64	0.00373935	4.16666e-06	0.00124091	1.31206e-12
0.65	0.00381766	4.16666e-06	0.00126701	1.3296e-12
0.66	0.00389716	4.16666e-06	0.00129351	1.31262e-12
0.67	0.0039779	4.16666e-06	0.00132043	1.33071e-12
0.68	0.00405994	4.16666e-06	0.00134777	1.32572e-12
0.69	0.00414331	4.16666e-06	0.00137557	1.30962e-12
0.7	0.00422807	4.16666e-06	0.00140382	1.32772e-12
0.71	0.00431427	4.16666e-06	0.00143255	1.30085e-12
0.72	0.00440197	4.16666e-06	0.00146179	1.34548e-12
0.73	0.00449122	4.16666e-06	0.00149154	1.36291e-12
0.74	0.00458208	4.16666e-06	0.00152182	1.36302e-12
0.75	0.00467461	4.16666e-06	0.00155267	1.31384e-12
0.76	0.00476888	4.16666e-06	0.00158409	1.32983e-12
0.77	0.00486497	4.16666e-06	0.00161612	1.31883e-12
0.78	0.00496293	4.16666e-06	0.00164878	1.31162e-12
0.79	0.00506286	4.16666e-06	0.00168208	1.32372e-12
0.8	0.00516482	4.16666e-06	0.00171607	1.32327e-12
0.81	0.0052689	4.16666e-06	0.00175077	1.34037e-12
0.82	0.00537519	4.16666e-06	0.0017862	1.33316e-12
0.83	0.00548379	4.16666e-06	0.0018224	1.29585e-12
0.84	0.00559478	4.16666e-06	0.0018594	1.36058e-12
0.85	0.00570828	4.16666e-06	0.00189723	1.35025e-12
0.86	0.0058244	4.16666e-06	0.00193593	1.35247e-12
0.87	0.00594324	4.16666e-06	0.00197555	1.31639e-12
0.88	0.00606494	4.16666e-06	0.00201612	1.33982e-12
0.89	0.00618961	4.16666e-06	0.00205767	1.35592e-12
0.9	0.00631741	4.16666e-06	0.00210027	1.32172e-12
0.91	0.00644846	4.16666e-06	0.00214396	1.31595e-12
0.92	0.00658293	4.16666e-06	0.00218878	1.32605e-12
0.93	0.00672098	4.16666e-06	0.0022348	1.31706e-12
0.94	0.00686278	4.16666e-06	0.00228207	1.33071e-12
0.95	0.00700852	4.16666e-06	0.00233065	1.32883e-12
0.96	0.00715839	4.16666e-06	0.00238061	1.28986e-12
0.97	0.00731261	4.16666e-06	0.00243201	1.31117e-12
0.98	0.0074714	4.16666e-06	0.00248494	1.30929e-12
0.99	0.00763499	4.16666e-06	0.00253947	1.3114e-12
1	0.00780364	4.16666e-06	0.00259569	1.28386e-12
1.01	0.00797763	4.16666e-06	0.00265369	1.31528e-12
1.02	0.00815725	4.16666e-06	0.00271356	1.34381e-12
1.03	0.00834282	4.16666e-06	0.00277542	1.32261e-12
1.04	0.00853467	4.16666e-06	0.00283937	1.34703e-12
1.05	0.00873317	4.16666e-06	0.00290554	1.33671e-12
1.06	0.00893872	4.16666e-06	0.00297405	1.33693e-12
1.07	0.00915173	4.16666e-06	0.00304506	1.32705e-12
1.08	0.00937268	4.16666e-06	0.00311871	1.28797e-12
1.09	0.00960205	4.16666e-06	0.00319517	1.28597e-12
1.1	0.00984038	4.16666e-06	0.00327461	1.33749e-12
1.11	0.0100883	4.16666e-06	0.00335724	1.32339e-12
1.12	0.0103464	4.16666e-06	0.00344327	1.36768e-12
1.13	0.0106153	4.16666e-06	0.00353293	1.2873e-12
1.14	0.010896	4.16666e-06	0.00362647	1.28209e-12
1.15	0.0111891	4.16666e-06	0.00372418	1.34137e-12
1.16	0.0114956	4.16666e-06	0.00382635	1.27953e-12
1.17	0.0118165	4.16666e-06	0.00393332	1.32838e-12
1.18	0.0121529	4.16666e-06	0.00404546	1.27887e-12
1.19	0.0125061	4.16666e-06	0.00416318	1.30584e-12
1.2	0.0128773	4.16666e-06	0.00428694	1.3014e-12
1.21	0.0132682	4.16666e-06	0.00441723	1.39333e-12
1.22	0.0136803	4.16666e-06	0.00455461	1.32816e-12
1.23	0.0141156	4.16666e-06	0.00469971	1.33182e-12
1.24	0.0145762	4.16666e-06	0.00485324	1.31772e-12
1.25	0.0150644	4.16666e-06	0.00501597	1.36136e-12
1.26	0.0155829	4.16666e-06	0.0051888	1.35125e-12
1.27	0.0161347	4.16666e-06	0.00537274	1.36458e-12
1.28	0.0167233	4.16666e-06	0.00556894	1.32561e-12
1.29	0.0173526	4.16666e-06	0.0057787	1.40099e-12
1.3	0.018027	4.16666e-06	0.00600353	1.24722e-12
1.31	0.0187519	4.16666e-06	0.00624516	1.30718e-12
1.32	0.0195332	4.16666e-06	0.00650561	1.2953e-12
1.33	0.020378	4.16666e-06	0.00678721	1.36746e-12
1.34	0.0212946	4.16666e-06	0.00709273	1.35802e-12
1.35	0.0222926	4.16666e-06	0.0074254	1.37068e-12
1.36	0.0233837	4.16666e-06	0.0077891	1.41021e-12
1.37	0.0245818	4.16666e-06	0.00818846	1.4122e-12
1.38	0.0259036	4.16666e-06	0.0086291	1.37457e-12
1.39	0.0273699	4.16666e-06	0.00911785	1.29563e-12
1.4	0.0290058	4.16666e-06	0.00966318	1.30951e-12
1.41	0.0308432	4.16666e-06	0.0102756	1.29152e-12
1.42	0.032922	4.16666e-06	0.0109686	1.44262e-12
1.43	0.0352937	4.16666e-06	0.0117592	1.23968e-12
1.44	0.0380255	4.16666e-06	0.0126698	1.31728e-12
1.45	0.0412068	4.16666e-06	0.0137302	1.26243e-12
1.46	0.0449593	4.16666e-06	0.0149811	1.07736e-12
1.47	0.0494531	4.16666e-06	0.016479	1.21791e-12
1.48	0.0549331	4.16666e-06	0.0183057	1.16551e-12
1.49	0.0617654	4.16666e-06	0.0205832	1.39677e-12
1.5	0.0705232	4.16666e-06	0.0235025	9.89209e-13
1.51	0.0821564	4.16666e-06	0.0273803	1.73428e-12
1.52	0.0983635	4.16666e-06	0.0327827	1.22191e-12
1.53	0.122508	4.16666e-06	0.0408309	1.43852e-12
1.54	0.162321	4.16666e-06	0.0541021	1.47804e-12
1.55	0.240407	4.16666e-06	0.0801311	1.85807e-12
1.56	0.463115	4.16666e-06	0.154368	1.26033e-12
1.57	6.27879	4.16667e-06	2.09295	1.66844e-11
1.58	0.543225	4.16666e-06	0.181083	6.46483e-13
1.59	0.260316	4.16666e-06	0.0867786	1.12865e-12
1.6	0.171145	4.16666e-06	0.0570545	1.12144e-12
1.61	0.127456	4.16666e-06	0.0424914	1.07947e-12
1.62	0.101519	4.16666e-06	0.0338456	1.27309e-12
1.63	0.0843382	4.16666e-06	0.0281186	1.27032e-12
1.64	0.0721179	4.16666e-06	0.0240451	1.06692e-12
1.65	0.0629791	4.16666e-06	0.0209989	1.34726e-12
1.66	0.0558856	4.16666e-06	0.0186343	1.24512e-12
1.67	0.0502188	4.16666e-06	0.0167454	1.42542e-12
1.68	0.0455868	4.16666e-06	0.0152013	1.29874e-12
1.69	0.0417291	4.16666e-06	0.0139154	1.4081e-12
1.7	0.038466	4.16666e-06	0.0128277	1.23179e-12
1.71	0.0356693	4.16666e-06	0.0118955	1.16396e-12
1.72	0.0332453	4.16666e-06	0.0110874	1.40898e-12
1.73	0.0311236	4.16666e-06	0.0103802	1.4122e-12
1.74	0.0292507	4.16666e-06	0.00975592	1.2822e-12
1.75	0.027585	4.16666e-06	0.00920067	1.34526e-12
1.76	0.0260936	4.16666e-06	0.00870352	1.41154e-12
1.77	0.0247502	4.16666e-06	0.00825572	1.35303e-12
1.78	0.0235336	4.16666e-06	0.00785019	1.35436e-12
1.79	0.0224265	4.16666e-06	0.00748114	1.3507e-12
1.8	0.0214145	4.16666e-06	0.0071438	1.27032e-12
1.81	0.0204856	4.16666e-06	0.00683419	1.27798e-12
1.82	0.01963	4.16666e-06	0.00654897	1.40954e-12
1.83	0.0188391	4.16666e-06	0.00628533	1.29774e-12
1.84	0.0181056	4.16666e-06	0.00604084	1.26654e-12
1.85	0.0174235	4.16666e-06	0.00581346	1.38545e-12
1.86	0.0167873	4.16666e-06	0.0056014	1.25999e-12
1.87	0.0161925	4.16666e-06	0.00540314	1.35592e-12
1.88	0.0156351	4.16666e-06	0.00521733	1.32128e-12
1.89	0.0151115	4.16666e-06	0.0050428	1.27842e-12
1.9	0.0146187	4.16666e-06	0.00487852	1.26632e-12
1.91	0.0141539	4.16666e-06	0.00472358	1.30995e-12
1.92	0.0137147	4.16666e-06	0.00457719	1.30673e-12
1.93	0.013299	4.16666e-06	0.00443862	1.26676e-12
1.94	0.0129049	4.16666e-06	0.00430724	1.32672e-12
1.95	0.0125306	4.16666e-06	0.00418248	1.30329e-12
1.96	0.0121747	4.16666e-06	0.00406383	1.31251e-12
1.97	0.0118357	4.16666e-06	0.00395082	1.26077e-12
1.98	0.0115123	4.16666e-06	0.00384305	1.31606e-12
1.99	0.0112036	4.16666e-06	0.00374014	1.30174e-12
2	0.0109084	4.16666e-06	0.00364175	1.32749e-12
2.01	0.0106259	4.16666e-06	0.00354756	1.29674e-12
2.02	0.0103551	4.16666e-06	0.0034573	1.2863e-12
2.03	0.0100953	4.16666e-06	0.00337071	1.31994e-12
2.04	0.00984587	4.16666e-06	0.00328755	1.32527e-12
2.05	0.00960606	4.16666e-06	0.00320761	1.33649e-12
2.06	0.0093753	4.16666e-06	0.00313069	1.3447e-12
2.07	0.00915304	4.16666e-06	0.00305661	1.33382e-12
2.08	0.0089388	4.16666e-06	0.00298519	1.35447e-12
2.09	0.00873209	4.16666e-06	0.00291629	1.34603e-12
2.1	0.00853249	4.16666e-06	0.00284976	1.3628e-12
2.11	0.00833961	4.16666e-06	0.00278546	1.28808e-12
2.12	0.00815307	4.16666e-06	0.00272328	1.35802e-12
2.13	0.00797252	4.16666e-06	0.0026631	1.3467e-12
2.14	0.00779765	4.16666e-06	0.00260481	1.29874e-12
2.15	0.00762817	4.16666e-06	0.00254831	1.29119e-12
2.16	0.00746379	4.16666e-06	0.00249352	1.33682e-12
2.17	0.00730426	4.16666e-06	0.00244034	1.32794e-12
2.18	0.00714933	4.16666e-06	0.00238869	1.32694e-12
2.19	0.00699878	4.16666e-06	0.00233851	1.29008e-12
2.2	0.00685239	4.16666e-06	0.00228971	1.3568e-12
2.21	0.00670997	4.16666e-06	0.00224224	1.35303e-12
2.22	0.00657134	4.16666e-06	0.00219603	1.32061e-12
2.23	0.00643631	4.16666e-06	0.00215102	1.29863e-12
2.24	0.00630472	4.16666e-06	0.00210716	1.29385e-12
2.25	0.00617642	4.16666e-06	0.00206439	1.32638e-12
2.26	0.00605126	4.16666e-06	0.00202267	1.30262e-12
2.27	0.0059291	4.16666e-06	0.00198195	1.29907e-12
2.28	0.00580981	4.16666e-06	0.00194218	1.35381e-12
2.29	0.00569326	4.16666e-06	0.00190333	1.32527e-12
2.3	0.00557935	4.16666e-06	0.00186536	1.32661e-12
2.31	0.00546797	4.16666e-06	0.00182823	1.30851e-12
2.32	0.005359	4.16666e-06	0.00179191	1.32483e-12
2.33	0.00525234	4.16666e-06	0.00175636	1.34481e-12
2.34	0.00514792	4.16666e-06	0.00172155	1.35414e-12
2.35	0.00504562	4.16666e-06	0.00168745	1.31206e-12
2.36	0.00494538	4.16666e-06	0.00165404	1.32871e-12
2.37	0.00484711	4.16666e-06	0.00162128	1.30163e-12
2.38	0.00475073	4.16666e-06	0.00158915	1.34515e-12
2.39	0.00465617	4.16666e-06	0.00155763	1.30584e-12
2.4	0.00456337	4.16666e-06	0.0015267	1.3346e-12
2.41	0.00447225	4.16666e-06	0.00149632	1.36091e-12
2.42	0.00438274	4.16666e-06	0.00146649	1.31761e-12
2.43	0.00429481	4.16666e-06	0.00143718	1.33815e-12
2.44	0.00420837	4.16666e-06	0.00140836	1.30818e-12
2.45	0.00412338	4.16666e-06	0.00138003	1.33971e-12
2.46	0.00403979	4.16666e-06	0.00135217	1.31217e-12
2.47	0.00395755	4.16666e-06	0.00132476	1.31961e-12
2.48	0.0038766	4.16666e-06	0.00129777	1.32061e-12
2.49	0.0037969	4.16666e-06	0.00127121	1.30818e-12
2.5	0.00371841	4.16666e-06	0.00124504	1.3366e-12
2.51	0.00364109	4.16666e-06	0.00121927	1.32483e-12
2.52	0.00356488	4.16666e-06	0.00119387	1.29741e-12
2.53	0.00348976	4.16666e-06	0.00116883	1.31972e-12
2.54	0.00341569	4.16666e-06	0.00114413	1.3356e-12
2.55	0.00334263	4.16666e-06	0.00111978	1.33138e-12
2.56	0.00327054	4.16666e-06	0.00109575	1.32228e-12
2.57	0.0031994	4.16666e-06	0.00107203	1.31462e-12
2.58	0.00312916	4.16666e-06	0.00104862	1.33138e-12
2.59	0.0030598	4.16666e-06	0.0010255	1.31894e-12
2.6	0.00299129	4.16666e-06	0.00100267	1.32416e-12
2.61	0.0029236	4.16666e-06	0.000980101	1.34348e-12
2.62	0.0028567	4.16666e-06	0.000957802	1.33682e-12
2.63	0.00279057	4.16666e-06	0.000935756	1.32483e-12
2.64	0.00272517	4.16666e-06	0.000913958	1.31783e-12
2.65	0.00266049	4.16666e-06	0.000892396	1.31917e-12
2.66	0.0025965	4.16666e-06	0.000871065	1.32006e-12
2.67	0.00253317	4.16666e-06	0.000849955	1.32117e-12
2.68	0.00247048	4.16666e-06	0.00082906	1.31828e-12
2.69	0.00240842	4.16666e-06	0.000808371	1.3215e-12
2.7	0.00234695	4.16666e-06	0.000787883	1.31806e-12
2.71	0.00228606	4.16666e-06	0.000767587	1.33427e-12
2.72	0.00222574	4.16666e-06	0.000747477	1.32661e-12
2.73	0.00216595	4.16666e-06	0.000727546	1.31306e-12
2.74	0.00210667	4.16666e-06	0.000707789	1.33404e-12
2.75	0.00204791	4.16666e-06	0.000688199	1.32938e-12
2.76	0.00198962	4.16666e-06	0.00066877	1.32627e-12
2.77	0.0019318	4.16666e-06	0.000649497	1.33293e-12
2.78	0.00187443	4.16666e-06	0.000630373	1.32672e-12
2.79	0.00181749	4.16666e-06	0.000611393	1.33105e-12
2.8	0.00176097	4.16666e-06	0.000592552	1.31606e-12
2.81	0.00170485	4.16666e-06	0.000573845	1.32583e-12
2.82	0.00164911	4.16666e-06	0.000555265	1.33271e-12
2.83	0.00159374	4.16666e-06	0.00053681	1.31639e-12
2.84	0.00153873	4.16666e-06	0.000518472	1.32516e-12
2.85	0.00148406	4.16666e-06	0.000500249	1.31317e-12
2.86	0.00142972	4.16666e-06	0.000482134	1.32405e-12
2.87	0.00137569	4.16666e-06	0.000464124	1.31339e-12
2.88	0.00132196	4.16666e-06	0.000446215	1.31639e-12
2.89	0.00126852	4.16666e-06	0.0004284	1.3276e-12
2.9	0.00121535	4.16666e-06	0.000410677	1.32416e-12
2.91	0.00116244	4.16666e-06	0.000393042	1.32305e-12
2.92	0.00110979	4.16666e-06	0.000375489	1.32416e-12
2.93	0.00105736	4.16666e-06	0.000358015	1.32516e-12
2.94	0.00100517	4.16666e-06	0.000340616	1.32405e-12
2.95	0.000953185	4.16666e-06	0.000323288	1.32305e-12
2.96	0.000901403	4.16666e-06	0.000306027	1.32694e-12
2.97	0.00084981	4.16666e-06	0.000288829	1.32749e-12
2.98	0.000798397	4.16666e-06	0.000271691	1.33016e-12
2.99	0.00074715	4.16666e-06	0.000254609	1.32272e-12
3	0.00069606	4.16666e-06	0.000237579	1.32117e-12
3.01	0.000645116	4.16666e-06	0.000220597	1.32094e-12
3.02	0.000594306	4.16666e-06	0.00020366	1.32183e-12
3.03	0.00054362	4.16666e-06	0.000186764	1.32194e-12
3.04	0.000493047	4.16666e-06	0.000169907	1.32205e-12
3.05	0.000442578	4.16666e-06	0.000153083	1.32439e-12
3.06	0.000392201	4.16666e-06	0.000136291	1.32283e-12
3.07	0.000341907	4.16666e-06	0.000119526	1.3225e-12
3.08	0.000291684	4.16666e-06	0.000102785	1.32339e-12
3.09	0.000241524	4.16666e-06	8.60645e-05	1.32427e-12
3.1	0.000191415	4.16666e-06	6.93614e-05	1.32372e-12
3.11	0.000141348	4.16666e-06	5.26721e-05	1.32283e-12
3.12	9.13126e-05	4.16666e-06	3.59935e-05	1.32339e-12
3.13	4.12988e-05	4.16666e-06	1.9322e-05	1.32327e-12
3.14	8.70338e-06	4.16666e-06	2.65442e-06	1.32339e-12
3.15	5.8704e-05	4.16666e-06	1.40127e-05	1.32361e-12
3.16	0.000108713	4.16666e-06	3.06825e-05	1.32305e-12
3.17	0.00015874	4.16666e-06	4.73585e-05	1.32327e-12
3.18	0.000208796	4.16666e-06	6.4044e-05	1.32372e-12
3.19	0.000258891	4.16666e-06	8.07423e-05	1.32316e-12
3.2	0.000309033	4.16666e-06	9.74569e-05	1.32394e-12
3.21	0.000359235	4.16666e-06	0.000114191	1.32194e-12
3.22	0.000409505	4.16666e-06	0.000130948	1.32305e-12
3.23	0.000459855	4.16666e-06	0.000147731	1.32372e-12
3.24	0.000510294	4.16666e-06	0.000164544	1.32327e-12
3.25	0.000560832	4.16666e-06	0.000181391	1.32483e-12
3.26	0.000611481	4.16666e-06	0.000198274	1.32194e-12
3.27	0.00066225	4.16666e-06	0.000215197	1.32361e-12
3.28	0.000713151	4.16666e-06	0.000232164	1.3245e-12
3.29	0.000764193	4.16666e-06	0.000249179	1.31839e-12
3.3	0.000815389	4.16666e-06	0.000266244	1.31839e-12
3.31	0.000866748	4.16666e-06	0.000283364	1.32172e-12
3.32	0.000918282	4.16666e-06	0.000300542	1.32372e-12
3.33	0.000970003	4.16666e-06	0.000317783	1.31672e-12
3.34	0.00102192	4.16666e-06	0.000335089	1.32827e-12
3.35	0.00107405	4.16666e-06	0.000352465	1.32883e-12
3.36	0.0011264	4.16666e-06	0.000369914	1.32638e-12
3.37	0.00117898	4.16666e-06	0.000387442	1.32294e-12
3.38	0.0012318	4.16666e-06	0.000405051	1.32516e-12
3.39	0.00128489	4.16666e-06	0.000422745	1.3215e-12
3.4	0.00133824	4.16666e-06	0.00044053	1.3255e-12
3.41	0.00139188	4.16666e-06	0.000458409	1.32694e-12
3.42	0.00144581	4.16666e-06	0.000476387	1.31728e-12
3.43	0.00150005	4.16666e-06	0.000494467	1.32505e-12
3.44	0.00155461	4.16666e-06	0.000512656	1.32505e-12
3.45	0.00160951	4.16666e-06	0.000530956	1.31062e-12
3.46	0.00166477	4.16666e-06	0.000549374	1.32216e-12
3.47	0.00172038	4.16666e-06	0.000567913	1.32105e-12
3.48	0.00177638	4.16666e-06	0.000586579	1.31473e-12
3.49	0.00183277	4.16666e-06	0.000605377	1.3336e-12
3.5	0.00188958	4.16666e-06	0.000624312	1.32327e-12
3.51	0.00194681	4.16666e-06	0.000643389	1.33893e-12
3.52	0.00200449	4.16666e-06	0.000662615	1.32461e-12
3.53	0.00206262	4.16666e-06	0.000681993	1.33094e-12
3.54	0.00212123	4.16666e-06	0.000701531	1.33382e-12
3.55	0.00218034	4.16666e-06	0.000721235	1.32183e-12
3.56	0.00223997	4.16666e-06	0.000741109	1.31517e-12
3.57	0.00230012	4.16666e-06	0.000761161	1.33515e-12
3.58	0.00236083	4.16666e-06	0.000781397	1.32439e-12
3.59	0.00242211	4.16666e-06	0.000801824	1.31439e-12
3.6	0.00248398	4.16666e-06	0.000822448	1.31739e-12
3.61	0.00254647	4.16666e-06	0.000843277	1.31484e-12
3.62	0.00260959	4.16666e-06	0.000864317	1.31561e-12
3.63	0.00267337	4.16666e-06	0.000885577	1.32783e-12
3.64	0.00273783	4.16666e-06	0.000907064	1.32139e-12
3.65	0.00280299	4.16666e-06	0.000928787	1.32139e-12
3.66	0.00286889	4.16666e-06	0.000950752	1.31462e-12
3.67	0.00293554	4.16666e-06	0.00097297	1.34048e-12
3.68	0.00300298	4.16666e-06	0.000995449	1.33193e-12
3.69	0.00307122	4.16666e-06	0.0010182	1.3205e-12
3.7	0.00314031	4.16666e-06	0.00104123	1.32638e-12
3.71	0.00321026	4.16666e-06	0.00106454	1.30118e-12
3.72	0.00328111	4.16666e-06	0.00108816	1.32949e-12
3.73	0.0033529	4.16666e-06	0.00111209	1.33205e-12
3.74	0.00342564	4.16666e-06	0.00113634	1.30096e-12
3.75	0.00349939	4.16666e-06	0.00116092	1.35381e-12
3.76	0.00357417	4.16666e-06	0.00118585	1.28997e-12
3.77	0.00365003	4.16666e-06	0.00121114	1.31462e-12
3.78	0.00372699	4.16666e-06	0.00123679	1.32705e-12
3.79	0.00380511	4.16666e-06	0.00126283	1.3074e-12
3.8	0.00388441	4.16666e-06	0.00128927	1.31284e-12
3.81	0.00396496	4.16666e-06	0.00131611	1.3175e-12
3.82	0.00404679	4.16666e-06	0.00134339	1.30906e-12
3.83	0.00412994	4.16666e-06	0.00137111	1.33338e-12
3.84	0.00421448	4.16666e-06	0.00139929	1.32572e-12
3.85	0.00430045	4.16666e-06	0.00142794	1.31639e-12
3.86	0.0043879	4.16666e-06	0.0014571	1.3094e-12
3.87	0.0044769	4.16666e-06	0.00148676	1.3185e-12
3.88	0.0045675	4.16666e-06	0.00151696	1.32705e-12
3.89	0.00465976	4.16666e-06	0.00154772	1.32727e-12
3.9	0.00475375	4.16666e-06	0.00157905	1.3276e-12
3.91	0.00484954	4.16666e-06	0.00161098	1.32616e-12
3.92	0.0049472	4.16666e-06	0.00164353	1.32472e-12
3.93	0.00504681	4.16666e-06	0.00167673	1.34681e-12
3.94	0.00514844	4.16666e-06	0.00171061	1.34415e-12
3.95	0.00525218	4.16666e-06	0.00174519	1.31595e-12
3.96	0.00535811	4.16666e-06	0.0017805	1.3286e-12
3.97	0.00546633	4.16666e-06	0.00181658	1.36047e-12
3.98	0.00557694	4.16666e-06	0.00185345	1.30174e-12
3.99	0.00569003	4.16666e-06	0.00189115	1.3457e-12
4	0.00580572	4.16666e-06	0.00192971	1.17695e-12
4.01	0.00592413	4.16666e-06	0.00196918	1.10634e-12
4.02	0.00604536	4.16666e-06	0.00200959	1.11788e-12
4.03	0.00616955	4.16666e-06	0.00205099	1.0939e-12
4.04	0.00629684	4.16666e-06	0.00209342	1.08213e-12
4.05	0.00642736	4.16666e-06	0.00213693	1.0999e-12
4.06	0.00656128	4.16666e-06	0.00218156	1.07603e-12
4.07	0.00669875	4.16666e-06	0.00222739	1.09301e-12
4.08	0.00683994	4.16666e-06	0.00227445	1.09257e-12
4.09	0.00698504	4.16666e-06	0.00232282	1.09635e-12
4.1	0.00713424	4.16666e-06	0.00237255	1.08891e-12
4.11	0.00728775	4.16666e-06	0.00242372	1.08646e-12
4.12	0.00744579	4.16666e-06	0.00247641	1.09102e-12
4.13	0.0076086	4.16666e-06	0.00253068	1.09623e-12
4.14	0.00777643	4.16666e-06	0.00258662	1.06848e-12
4.15	0.00794955	4.16666e-06	0.00264433	1.08169e-12
4.16	0.00812825	4.16666e-06	0.0027039	1.09346e-12
4.17	0.00831285	4.16666e-06	0.00276543	1.09224e-12
4.18	0.00850368	4.16666e-06	0.00282904	1.0606e-12
4.19	0.00870109	4.16666e-06	0.00289485	1.06926e-12
4.2	0.00890549	4.16666e-06	0.00296298	1.09179e-12
4.21	0.00911729	4.16666e-06	0.00303358	1.10545e-12
4.22	0.00933694	4.16666e-06	0.0031068	1.06393e-12
4.23	0.00956493	4.16666e-06	0.00318279	1.13232e-12
4.24	0.0098018	4.16666e-06	0.00326175	1.1382e-12
4.25	0.0100481	4.16666e-06	0.00334386	1.08535e-12
4.26	0.0103045	4.16666e-06	0.00342933	1.03484e-12
4.27	0.0105717	4.16666e-06	0.0035184	1.10845e-12
4.28	0.0108504	4.16666e-06	0.0036113	1.09979e-12
4.29	0.0111415	4.16666e-06	0.00370833	1.07203e-12
4.3	0.0114458	4.16666e-06	0.00380976	1.07891e-12
4.31	0.0117644	4.16666e-06	0.00391595	1.08846e-12
4.32	0.0120982	4.16666e-06	0.00402724	1.08569e-12
4.33	0.0124486	4.16666e-06	0.00414404	1.07425e-12
4.34	0.0128169	4.16666e-06	0.0042668	1.05393e-12
4.35	0.0132045	4.16666e-06	0.00439602	1.0707e-12
4.36	0.0136132	4.16666e-06	0.00453223	1.05427e-12
4.37	0.0140447	4.16666e-06	0.00467606	1.05327e-12
4.38	0.0145011	4.16666e-06	0.00482819	1.03906e-12
4.39	0.0149847	4.16666e-06	0.0049894	1.11555e-12
4.4	0.0154982	4.16666e-06	0.00516056	1.16651e-12
4.41	0.0160444	4.16666e-06	0.00534266	1.13276e-12
4.42	0.0166269	4.16666e-06	0.00553682	1.06326e-12
4.43	0.0172494	4.16666e-06	0.00574433	1.05882e-12
4.44	0.0179164	4.16666e-06	0.00596664	1.07003e-12
4.45	0.0186329	4.16666e-06	0.00620547	1.08524e-12
4.46	0.0194048	4.16666e-06	0.00646278	1.11433e-12
4.47	0.0202389	4.16666e-06	0.00674084	9.80105e-13
4.48	0.0211434	4.16666e-06	0.00704234	1.04339e-12
4.49	0.0221277	4.16666e-06	0.00737045	1.10645e-12
4.5	0.0232031	4.16666e-06	0.00772892	1.04483e-12
4.51	0.0243831	4.16666e-06	0.00812225	1.01863e-12
4.52	0.025684	4.16666e-06	0.00855589	1.08824e-12
4.53	0.0271257	4.16666e-06	0.00903646	1.10578e-12
4.54	0.0287327	4.16666e-06	0.00957214	1.15608e-12
4.55	0.0305356	4.16666e-06	0.0101731	1.07703e-12
4.56	0.0325728	4.16666e-06	0.0108522	1.04972e-12
4.57	0.0348938	4.16666e-06	0.0116259	1.05504e-12
4.58	0.0375629	4.16666e-06	0.0125156	9.82769e-13
4.59	0.0406655	4.16666e-06	0.0135498	1.07447e-12
4.6	0.0443172	4.16666e-06	0.014767	1.12577e-12
4.61	0.0486789	4.16666e-06	0.0162209	1.09968e-12
4.62	0.0539812	4.16666e-06	0.0179884	1.27454e-12
4.63	0.0605665	4.16666e-06	0.0201835	1.2027e-12
4.64	0.0689667	4.16666e-06	0.0229836	1.1946e-12
4.65	0.0800543	4.16666e-06	0.0266796	8.36553e-13
4.66	0.0953685	4.16666e-06	0.0317843	9.72444e-13
4.67	0.1179	4.16666e-06	0.039295	1.33193e-12
4.68	0.154335	4.16666e-06	0.05144	6.85674e-13
4.69	0.223302	4.16666e-06	0.0744293	1.28664e-12
4.7	0.403577	4.16666e-06	0.134522	1.35758e-12
4.71	2.09294	4.16666e-06	0.697649	1.48015e-12
4.72	0.656907	4.16666e-06	0.218977	9.11937e-13
4.73	0.283865	4.16666e-06	0.0946283	1.32783e-12
4.74	0.181023	4.16666e-06	0.0603473	5.12368e-13
4.75	0.132859	4.16666e-06	0.0442925	1.1986e-12
4.76	0.104921	4.16666e-06	0.0349796	9.60343e-13
4.77	0.0866755	4.16666e-06	0.0288978	1.08447e-12
4.78	0.0738224	4.16666e-06	0.0246133	1.11766e-12
4.79	0.0642772	4.16666e-06	0.0214316	9.45466e-13
4.8	0.0569072	4.16666e-06	0.0189749	1.11156e-12
4.81	0.0510438	4.16666e-06	0.0170204	1.31617e-12
4.82	0.0462671	4.16666e-06	0.0154281	1.28797e-12
4.83	0.0422998	4.16666e-06	0.0141057	8.54983e-13
4.84	0.0389517	4.16666e-06	0.0129896	1.09701e-12
4.85	0.0360877	4.16666e-06	0.0120349	1.17739e-12
4.86	0.0336095	4.16666e-06	0.0112089	9.59455e-13
4.87	0.0314436	4.16666e-06	0.0104869	1.04683e-12
4.88	0.0295342	4.16666e-06	0.00985041	1.09768e-12
4.89	0.0278379	4.16666e-06	0.00928496	9.93206e-13
4.9	0.0263206	4.16666e-06	0.00877919	1.11178e-12
4.91	0.0249551	4.16666e-06	0.00832404	1.14098e-12
4.92	0.0237196	4.16666e-06	0.00791219	1.07092e-12
4.93	0.0225961	4.16666e-06	0.00753768	1.01241e-12
4.94	0.0215698	4.16666e-06	0.00719557	1.01974e-12
4.95	0.0206284	4.16666e-06	0.00688179	1.08102e-12
4.96	0.0197617	4.16666e-06	0.00659289	1.08236e-12
4.97	0.018961	4.16666e-06	0.00632597	1.12166e-12
4.98	0.0182189	4.16666e-06	0.00607858	1.09557e-12
4.99	0.0175289	4.16666e-06	0.0058486	1.02451e-12
5	0.0168858	4.16666e-06	0.00563422	1.07203e-12
5.01	0.0162847	4.16666e-06	0.00543385	1.09568e-12
5.02	0.0157215	4.16666e-06	0.00524614	1.0435e-12
5.03	0.0151928	4.16666e-06	0.00506988	1.04339e-12
5.04	0.0146952	4.16666e-06	0.00490403	1.03684e-12
5.05	0.0142262	4.16666e-06	0.00474766	1.11444e-12
5.06	0.013783	4.16666e-06	0.00459996	1.04372e-12
5.07	0.0133637	4.16666e-06	0.00446019	1.01208e-12
5.08	0.0129663	4.16666e-06	0.0043277	1.01608e-12
5.09	0.012589	4.16666e-06	0.00420192	1.10179e-12
5.1	0.0122302	4.16666e-06	0.00408233	1.09035e-12
5.11	0.0118886	4.16666e-06	0.00396846	1.09956e-12
5.12	0.0115628	4.16666e-06	0.00385988	1.13287e-12
5.13	0.0112519	4.16666e-06	0.00375622	1.04827e-12
5.14	0.0109546	4.16666e-06	0.00365713	1.03584e-12
5.15	0.0106701	4.16666e-06	0.00356229	1.09734e-12
5.16	0.0103975	4.16666e-06	0.00347143	1.09979e-12
5.17	0.010136	4.16666e-06	0.00338427	1.08236e-12
5.18	0.00988494	4.16666e-06	0.00330058	1.10156e-12
5.19	0.00964363	4.16666e-06	0.00322014	1.09146e-12
5.2	0.00941146	4.16666e-06	0.00314275	1.0949e-12
5.21	0.00918789	4.16666e-06	0.00306822	1.0868e-12
5.22	0.0089724	4.16666e-06	0.00299639	1.10922e-12
5.23	0.00876453	4.16666e-06	0.0029271	1.12088e-12
5.24	0.00856382	4.16666e-06	0.0028602	1.05183e-12
5.25	0.0083699	4.16666e-06	0.00279556	1.03195e-12
5.26	0.00818237	4.16666e-06	0.00273304	1.09834e-12
5.27	0.00800089	4.16666e-06	0.00267255	1.12566e-12
5.28	0.00782514	4.16666e-06	0.00261397	1.0778e-12
5.29	0.00765481	4.16666e-06	0.00255719	1.08513e-12
5.3	0.00748964	4.16666e-06	0.00250213	1.05516e-12
5.31	0.00732935	4.16666e-06	0.0024487	1.06393e-12
5.32	0.0071737	4.16666e-06	0.00239682	1.05671e-12
5.33	0.00702247	4.16666e-06	0.00234641	1.13043e-12
5.34	0.00687543	4.16666e-06	0.0022974	1.07314e-12
5.35	0.0067324	4.16666e-06	0.00224972	1.10489e-12
5.36	0.00659317	4.16666e-06	0.00220331	1.08158e-12
5.37	0.00645758	4.16666e-06	0.00215811	1.09524e-12
5.38	0.00632546	4.16666e-06	0.00211407	1.06803e-12
5.39	0.00619664	4.16666e-06	0.00207113	1.11322e-12
5.4	0.00607099	4.16666e-06	0.00202924	1.09901e-12
5.41	0.00594836	4.16666e-06	0.00198837	1.07891e-12
5.42	0.00582862	4.16666e-06	0.00194845	1.05604e-12
5.43	0.00571165	4.16666e-06	0.00190946	1.05926e-12
5.44	0.00559733	4.16666e-06	0.00187135	1.05149e-12
5.45	0.00548554	4.16666e-06	0.00183409	1.05949e-12
5.46	0.00537619	4.16666e-06	0.00179764	1.0939e-12
5.47	0.00526918	4.16666e-06	0.00176197	1.05227e-12
5.48	0.0051644	4.16666e-06	0.00172704	1.11644e-12
5.49	0.00506178	4.16666e-06	0.00169284	1.07669e-12
5.5	0.00496121	4.16666e-06	0.00165931	1.08158e-12
5.51	0.00486263	4.16666e-06	0.00162645	1.09768e-12
5.52	0.00476596	4.16666e-06	0.00159423	1.06304e-12
5.53	0.00467111	4.16666e-06	0.00156261	1.08569e-12
5.54	0.00457803	4.16666e-06	0.00153159	1.08913e-12
5.55	0.00448665	4.16666e-06	0.00150112	1.0798e-12
5.56	0.00439689	4.16666e-06	0.0014712	1.08979e-12
5.57	0.00430871	4.16666e-06	0.00144181	1.06315e-12
5.58	0.00422204	4.16666e-06	0.00141292	1.06803e-12
5.59	0.00413683	4.16666e-06	0.00138451	1.11178e-12
5.6	0.00405302	4.16666e-06	0.00135658	1.08336e-12
5.61	0.00397056	4.16666e-06	0.00132909	1.08569e-12
5.62	0.00388941	4.16666e-06	0.00130204	1.08513e-12
5.63	0.00380952	4.16666e-06	0.00127541	1.05393e-12
5.64	0.00373084	4.16666e-06	0.00124918	1.06182e-12
5.65	0.00365333	4.16666e-06	0.00122335	1.07137e-12
5.66	0.00357695	4.16666e-06	0.00119789	1.09723e-12
5.67	0.00350166	4.16666e-06	0.00117279	1.08402e-12
5.68	0.00342742	4.16666e-06	0.00114804	1.08913e-12
5.69	0.0033542	4.16666e-06	0.00112364	1.06626e-12
5.7	0.00328196	4.16666e-06	0.00109956	1.09401e-12
5.71	0.00321067	4.16666e-06	0.00107579	1.10112e-12
5.72	0.00314029	4.16666e-06	0.00105233	1.07803e-12
5.73	0.00307079	4.16666e-06	0.00102917	1.06715e-12
5.74	0.00300215	4.16666e-06	0.00100628	1.11211e-12
5.75	0.00293433	4.16666e-06	0.000983677	1.08857e-12
5.76	0.0028673	4.16666e-06	0.000961336	1.08902e-12
5.77	0.00280105	4.16666e-06	0.000939251	1.08835e-12
5.78	0.00273554	4.16666e-06	0.000917413	1.0818e-12
5.79	0.00267074	4.16666e-06	0.000895815	1.09535e-12
5.8	0.00260664	4.16666e-06	0.000874447	1.0888e-12
5.81	0.00254321	4.16666e-06	0.000853303	1.0848e-12
5.82	0.00248042	4.16666e-06	0.000832374	1.0868e-12
5.83	0.00241826	4.16666e-06	0.000811653	1.07747e-12
5.84	0.0023567	4.16666e-06	0.000791133	1.08735e-12
5.85	0.00229572	4.16666e-06	0.000770806	1.07891e-12
5.86	0.00223531	4.16666e-06	0.000750667	1.09446e-12
5.87	0.00217543	4.16666e-06	0.000730709	1.09457e-12
5.88	0.00211608	4.16666e-06	0.000710925	1.09701e-12
5.89	0.00205723	4.16666e-06	0.000691308	1.07403e-12
5.9	0.00199887	4.16666e-06	0.000671854	1.08646e-12
5.91	0.00194098	4.16666e-06	0.000652556	1.08169e-12
5.92	0.00188354	4.16666e-06	0.000633409	1.08735e-12
5.93	0.00182653	4.16666e-06	0.000614407	1.08313e-12
5.94	0.00176994	4.16666e-06	0.000595544	1.10012e-12
5.95	0.00171376	4.16666e-06	0.000576815	1.07769e-12
5.96	0.00165796	4.16666e-06	0.000558216	1.08646e-12
5.97	0.00160254	4.16666e-06	0.000539741	1.08413e-12
5.98	0.00154747	4.16666e-06	0.000521385	1.07836e-12
5.99	0.00149275	4.16666e-06	0.000503144	1.08091e-12
6	0.00143835	4.16666e-06	0.000485012	1.08935e-12
6.01	0.00138427	4.16666e-06	0.000466986	1.08979e-12
6.02	0.0013305	4.16666e-06	0.00044906	1.08857e-12
6.03	0.00127701	4.16666e-06	0.000431231	1.09257e-12
6.04	0.0012238	4.16666e-06	0.000413494	1.08835e-12
6.05	0.00117085	4.16666e-06	0.000395845	1.0888e-12
6.06	0.00111816	4.16666e-06	0.000378279	1.0919e-12
6.07	0.0010657	4.16666e-06	0.000360793	1.08313e-12
6.08	0.00101347	4.16666e-06	0.000343382	1.08613e-12
6.09	0.00096145	4.16666e-06	0.000326043	1.08857e-12
6.1	0.000909637	4.16666e-06	0.000308772	1.08547e-12
6.11	0.000858015	4.16666e-06	0.000291564	1.08058e-12
6.12	0.000806574	4.16666e-06	0.000274417	1.08857e-12
6.13	0.000755301	4.16666e-06	0.000257326	1.08724e-12
6.14	0.000704187	4.16666e-06	0.000240288	1.08846e-12
6.15	0.00065322	4.16666e-06	0.000223298	1.09013e-12
6.16	0.000602389	4.16666e-06	0.000206355	1.08769e-12
6.17	0.000551684	4.16666e-06	0.000189453	1.0858e-12
6.18	0.000501095	4.16666e-06	0.000172589	1.08547e-12
6.19	0.000450609	4.16666e-06	0.000155761	1.08846e-12
6.2	0.000400219	4.16666e-06	0.000138963	1.08624e-12
6.21	0.000349912	4.16666e-06	0.000122194	1.08502e-12
6.22	0.000299678	4.16666e-06	0.00010545	1.08502e-12
6.23	0.000249509	4.16666e-06	8.87262e-05	1.08769e-12
6.24	0.000199392	4.16666e-06	7.20206e-05	1.08791e-12
6.25	0.00014932	4.16666e-06	5.53294e-05	1.08569e-12
6.26	9.92798e-05	4.16666e-06	3.86492e-05	1.08669e-12
6.27	4.92632e-05	4.16666e-06	2.19769e-05	1.08691e-12
6.28	7.40126e-07	4.16666e-06	5.30886e-06	1.08658e-12
